-13.590000 -1.565000 5.581000
-11.971000 -1.269000 6.000000
-12.917000 -0.031000 5.323000
-12.726000 -1.052000 5.317000
-12.295000 -1.470000 3.953000
-12.972000 -2.223000 3.576000
-10.879000 -2.046000 4.019000
-10.745000 -2.148000 2.043000
-8.908000 -2.875000 2.885000
-10.286000 -2.317000 2.889000
-8.281000 -2.659000 1.511000
-8.318000 -2.362000 3.624000
-9.411000 -1.063000 1.194000
-8.150000 -1.347000 -0.522000
-8.714000 -1.645000 0.821000
-7.941000 0.156000 -0.616000
-7.204000 -1.859000 -0.646000
-7.646000 0.290000 1.351000
-7.489000 2.261000 0.492000
-7.692000 0.788000 0.501000
-6.399000 2.625000 1.501000
-7.185000 2.579000 -0.497000
-5.818000 0.730000 1.650000
-4.572000 1.918000 2.930000
-5.664000 1.650000 1.959000
-3.413000 1.028000 2.549000
-4.272000 2.948000 2.865000
-4.677000 -0.411000 2.128000
-2.721000 -1.119000 1.727000
-3.737000 -0.155000 2.158000
-2.327000 -0.764000 0.293000
-1.873000 -1.084000 2.378000
-3.031000 1.086000 0.512000
-2.292000 0.882000 -1.499000
-2.597000 0.456000 -0.104000
-1.542000 2.205000 -1.512000
-1.715000 0.135000 -2.000000
-3.077000 3.100000 -0.679000
-1.574000 4.576000 -1.042000
-2.171000 3.220000 -1.019000
-0.500000 4.762000 0.033000
-1.156000 4.757000 -2.009000
-1.447000 3.583000 1.288000
0.322000 4.326000 2.259000
-0.659000 4.140000 1.154000
1.638000 3.561000 2.001000
0.544000 5.369000 2.343000
-0.449000 2.144000 1.100000
2.714000 1.425000 1.507000
1.538000 2.280000 1.752000
3.730000 2.111000 0.574000
3.190000 1.199000 2.452000
1.214000 2.824000 -0.377000
4.218000 3.239000 -1.517000
3.304000 2.550000 -0.592000
4.770000 4.467000 -0.817000
5.007000 2.591000 -1.843000
3.005000 5.312000 -0.968000
4.305000 6.682000 0.040000
3.922000 5.427000 -0.646000
5.175000 6.351000 1.260000
4.855000 7.315000 -0.640000
3.599000 6.123000 2.446000
5.363000 5.764000 3.604000
4.573000 6.097000 2.391000
5.355000 4.251000 3.811000
6.379000 6.112000 3.492000
6.967000 4.303000 4.970000
6.287000 2.270000 4.801000
6.287000 3.733000 4.557000
5.272000 1.987000 5.909000
6.000000 1.747000 3.900000
3.739000 2.254000 4.671000
2.965000 1.797000 6.618000
4.007000 2.037000 5.588000
2.559000 0.320000 6.622000
3.351000 2.066000 7.585000
1.394000 0.567000 5.039000
1.276000 -1.486000 5.646000
1.729000 -0.073000 5.697000
2.477000 -2.421000 5.567000
0.711000 -1.707000 6.538000
1.351000 -3.960000 6.085000
3.364000 -4.660000 5.795000
2.256000 -3.671000 5.846000
3.748000 -4.916000 4.334000
4.219000 -4.275000 6.330000
5.374000 -3.787000 4.479000
5.265000 -4.556000 2.484000
4.836000 -4.350000 3.889000
5.221000 -6.047000 2.145000
4.607000 -4.014000 1.823000
6.979000 -6.365000 3.015000
6.263000 -8.234000 2.228000
6.231000 -6.777000 2.530000
7.720000 -8.673000 2.150000
5.757000 -8.779000 3.013000
8.158000 -7.185000 0.913000
9.953000 -8.310000 1.281000
8.512000 -7.961000 1.396000
10.102000 -9.819000 1.058000
10.382000 -7.778000 0.445000
