-20.412000 0.111000 5.362000
-19.986000 -1.171000 6.388000
-18.853000 0.052000 5.986000
-19.642000 -0.534000 5.647000
-19.212000 -1.302000 4.435000
-18.183000 -1.077000 4.200000
-20.079000 -0.784000 3.273000
-18.834000 -1.472000 1.883000
-20.399000 -0.536000 0.782000
-19.681000 -0.985000 2.040000
-20.417000 -1.340000 0.055000
-19.470000 0.592000 0.252000
-18.331000 -0.896000 -0.252000
-17.234000 0.783000 -0.879000
-18.398000 0.082000 -0.263000
-16.346000 0.545000 -0.314000
-17.287000 2.320000 -0.956000
-16.552000 1.977000 0.767000
-16.633000 4.112000 0.699000
-16.814000 2.719000 0.187000
-15.600000 4.425000 0.662000
-17.070000 3.861000 2.136000
-18.908000 3.893000 1.495000
-19.087000 3.523000 3.611000
-18.358000 3.780000 2.301000
-19.470000 4.462000 3.982000
-18.250000 2.865000 4.740000
-17.332000 4.562000 4.898000
-16.401000 3.310000 6.383000
-17.366000 3.658000 5.274000
-15.963000 4.222000 6.769000
-15.244000 2.473000 5.800000
-16.475000 1.014000 5.386000
-14.508000 0.321000 4.711000
-15.538000 1.277000 5.329000
-14.285000 -0.457000 5.426000
-13.158000 0.964000 4.339000
-14.175000 2.391000 3.460000
-12.086000 2.890000 3.198000
-13.271000 2.076000 3.660000
-11.697000 2.485000 2.276000
-10.927000 2.895000 4.218000
-12.208000 3.533000 5.569000
-10.310000 3.399000 6.558000
-11.270000 3.303000 5.411000
-9.589000 4.185000 6.384000
-9.514000 2.078000 6.708000
-11.040000 1.369000 7.654000
-9.565000 -0.244000 7.574000
-10.149000 1.126000 7.333000
-9.024000 -0.227000 8.509000
-8.555000 -0.619000 6.460000
-9.943000 -0.187000 5.128000
-8.142000 -0.827000 4.053000
-9.019000 -0.500000 5.243000
-7.759000 -1.832000 4.129000
-6.929000 0.125000 4.010000
-8.127000 1.683000 3.759000
-6.096000 2.427000 3.781000
-7.197000 1.395000 3.838000
-5.580000 2.336000 2.834000
-5.083000 2.172000 4.898000
-6.569000 1.801000 6.123000
-4.703000 1.554000 7.223000
-5.593000 1.844000 6.055000
-4.079000 2.413000 7.424000
-3.778000 0.381000 6.808000
-5.337000 -0.796000 6.485000
-3.531000 -1.939000 6.036000
-4.356000 -0.748000 6.465000
-3.072000 -2.384000 6.906000
-2.382000 -1.452000 5.117000
-3.727000 -0.524000 4.032000
-1.795000 -0.121000 3.115000
-2.762000 -0.703000 4.117000
-1.311000 -0.918000 2.573000
-0.693000 0.713000 3.844000
-2.128000 1.895000 4.442000
-0.320000 2.739000 5.290000
-1.157000 1.758000 4.489000
0.251000 3.362000 4.619000
0.652000 2.018000 6.207000
-0.727000 0.643000 6.469000
1.029000 0.086000 7.601000
0.189000 0.910000 6.698000
1.611000 0.734000 8.220000
2.000000 -0.721000 6.719000
0.525000 -1.815000 6.024000
2.310000 -2.559000 5.084000
1.495000 -1.681000 5.993000
2.637000 -3.424000 5.644000
3.592000 -1.867000 4.541000
2.421000 -0.484000 3.804000
4.439000 0.090000 3.265000
3.362000 -0.761000 3.882000
4.546000 -0.205000 2.228000
5.871000 -0.021000 3.895000
5.032000 -0.067000 5.663000
7.184000 -0.184000 5.985000
5.896000 -0.076000 5.205000
7.612000 0.800000 6.081000
8.272000 -1.049000 5.310000
6.950000 -2.491000 5.147000
8.821000 -3.215000 4.311000
7.885000 -2.247000 4.974000
9.391000 -3.720000 5.075000
9.841000 -2.567000 3.343000
8.326000 -1.767000 2.403000
10.119000 -1.158000 1.365000
9.298000 -1.851000 2.401000
10.985000 -1.761000 1.122000
10.611000 0.177000 1.935000
8.804000 0.556000 2.653000
10.095000 2.233000 3.174000
9.720000 0.900000 2.568000
10.218000 2.922000 2.359000
11.472000 2.137000 3.882000
10.858000 0.416000 4.563000
12.857000 0.704000 5.310000
11.618000 1.032000 4.555000
13.344000 1.623000 5.618000
13.860000 -0.069000 4.406000
12.419000 -1.057000 3.490000
14.301000 -1.721000 2.615000
13.389000 -0.933000 3.538000
14.618000 -2.619000 3.124000
15.597000 -0.966000 2.214000
14.463000 0.413000 1.489000
16.522000 1.054000 1.149000
15.401000 0.164000 1.618000
16.953000 0.597000 0.271000
17.728000 1.249000 2.131000
16.629000 0.546000 3.562000
18.473000 0.978000 4.511000
17.508000 0.904000 3.363000
19.437000 1.347000 4.202000
18.624000 -0.495000 4.906000
16.679000 -0.598000 4.956000
17.373000 -2.572000 5.470000
17.491000 -1.119000 5.087000
18.196000 -2.855000 6.115000
17.492000 -3.401000 4.147000
19.022000 -2.284000 3.819000
18.923000 -3.576000 2.105000
18.503000 -3.011000 3.433000
18.433000 -4.522000 1.933000
20.429000 -3.829000 2.094000
20.604000 -2.675000 3.702000
22.573000 -3.378000 3.203000
21.085000 -3.234000 3.053000
22.972000 -3.990000 2.407000
22.871000 -4.114000 4.540000
