-13.085000 -5.989000 -0.716000
-13.152000 -4.294000 -0.744000
-13.377000 -5.176000 -2.179000
-13.546000 -5.165000 -1.152000
-15.013000 -5.220000 -0.891000
-15.409000 -6.180000 -1.180000
-15.728000 -4.092000 -1.641000
-16.697000 -4.471000 -2.432000
-17.488000 -6.298000 -1.741000
-17.468000 -3.479000 -3.217000
-16.808000 -2.791000 -3.719000
-18.449000 -2.730000 -2.311000
-18.967000 -1.625000 -2.771000
-18.724000 -1.306000 -3.665000
-19.929000 -0.848000 -1.938000
-20.642000 -0.364000 -2.580000
-19.174000 0.207000 -1.135000
-17.916000 -0.015000 -0.904000
-17.500000 -0.830000 -1.241000
-17.116000 0.966000 -0.124000
-17.749000 1.791000 0.167000
-15.959000 1.492000 -0.981000
-16.262000 2.076000 -2.108000
-17.196000 2.164000 -2.376000
-15.190000 2.617000 -2.988000
-14.353000 1.934000 -2.996000
-14.730000 3.980000 -2.455000
-14.457000 4.065000 -1.183000
-14.543000 3.277000 -0.612000
-14.006000 5.358000 -0.599000
-13.423000 5.897000 -1.328000
-13.145000 5.073000 0.627000
-12.392000 4.014000 0.580000
-12.400000 3.450000 -0.221000
-11.520000 3.660000 1.732000
-10.953000 4.529000 2.032000
-10.559000 2.547000 1.312000
-9.612000 2.865000 0.476000
-9.546000 3.782000 0.149000
-8.630000 1.842000 0.017000
-9.137000 0.902000 -0.145000
-7.541000 1.663000 1.078000
-7.927000 1.556000 2.318000
-8.878000 1.591000 2.537000
-6.929000 1.374000 3.407000
-5.956000 1.705000 3.078000
-6.876000 -0.101000 3.796000
-7.648000 -0.918000 3.141000
-8.227000 -0.568000 2.438000
-7.669000 -2.376000 3.470000
-7.772000 -2.498000 4.538000
-6.375000 -3.061000 3.008000
-5.245000 -2.460000 3.254000
-5.240000 -1.603000 3.717000
-3.956000 -3.086000 2.850000
-3.150000 -2.390000 3.034000
-3.978000 -3.453000 1.366000
-3.760000 -2.498000 0.506000
-3.591000 -1.585000 0.820000
-3.741000 -2.804000 -0.952000
-4.363000 -3.667000 -1.145000
-2.302000 -3.118000 -1.353000
-1.448000 -2.136000 -1.300000
-1.739000 -1.246000 -1.014000
-0.033000 -2.372000 -1.673000
-0.003000 -2.953000 -2.581000
0.659000 -3.135000 -0.542000
0.905000 -4.403000 -0.726000
0.648000 -4.837000 -1.566000
1.565000 -5.194000 0.350000
1.241000 -4.828000 1.313000
3.086000 -5.060000 0.242000
3.625000 -5.185000 -0.940000
3.060000 -5.357000 -1.720000
5.103000 -5.074000 -1.099000
5.538000 -4.720000 -0.176000
5.434000 -4.095000 -2.227000
5.058000 -2.853000 -2.082000
4.581000 -2.576000 -1.273000
5.360000 -1.858000 -3.151000
6.318000 -2.088000 -3.594000
5.405000 -0.450000 -2.550000
5.546000 -0.350000 -1.256000
5.621000 -1.158000 -0.707000
5.600000 0.993000 -0.612000
6.515000 1.491000 -0.896000
5.561000 0.824000 0.907000
6.279000 -0.137000 1.420000
6.813000 -0.713000 0.835000
6.286000 -0.360000 2.892000
5.353000 -0.014000 3.314000
7.446000 0.412000 3.520000
7.554000 1.676000 3.223000
6.905000 2.093000 2.619000
8.660000 2.487000 3.803000
8.710000 3.440000 3.298000
9.986000 1.744000 3.627000
10.106000 0.959000 2.591000
9.365000 0.862000 1.960000
11.372000 0.214000 2.366000
11.979000 0.255000 3.258000
12.128000 0.858000 1.207000
12.112000 2.159000 1.140000
11.630000 2.677000 1.818000
12.829000 2.857000 0.039000
13.120000 2.137000 -0.707000
14.075000 3.529000 0.602000
14.651000 2.942000 1.608000
14.275000 2.108000 1.962000
15.879000 3.531000 2.214000
15.882000 4.599000 2.052000
17.117000 2.915000 1.555000
16.925000 2.009000 0.634000
16.015000 1.745000 0.387000
18.089000 1.376000 -0.043000
19.002000 1.817000 0.324000
17.981000 1.599000 -1.553000
17.607000 2.780000 -1.959000
17.409000 3.482000 -1.304000
17.477000 3.063000 -3.416000
16.612000 2.547000 -3.806000
18.730000 2.580000 -4.146000
18.642000 2.397000 -5.435000
17.796000 2.568000 -5.898000
19.830000 1.928000 -6.201000
20.640000 1.721000 -5.517000
20.260000 3.015000 -7.188000
