-7.920000 0.777000 -7.396000
-8.560000 -0.632000 -6.652000
-9.505000 0.251000 -7.781000
-8.777000 0.309000 -7.040000
-9.322000 1.140000 -5.934000
-9.691000 2.066000 -6.350000
-8.247000 1.456000 -4.897000
-8.586000 3.414000 -5.098000
-7.052000 3.180000 -3.666000
-8.050000 2.742000 -4.631000
-6.083000 2.872000 -4.044000
-7.254000 2.501000 -2.325000
-5.875000 1.182000 -2.828000
-6.527000 0.696000 -0.901000
-6.488000 1.451000 -2.127000
-7.543000 0.679000 -0.557000
-5.695000 1.392000 0.149000
-7.351000 2.253000 0.820000
-5.742000 2.936000 2.016000
-6.380000 2.181000 0.952000
-5.105000 3.689000 1.555000
-4.895000 2.003000 2.879000
-4.659000 3.419000 4.265000
-3.631000 1.691000 4.930000
-4.442000 2.497000 4.023000
-2.746000 1.383000 4.397000
-4.390000 0.443000 5.376000
-3.049000 -0.732000 4.467000
-4.495000 -1.995000 5.359000
-3.872000 -0.725000 4.999000
-3.725000 -2.753000 5.356000
-5.567000 -2.388000 4.349000
-4.612000 -1.400000 2.893000
-6.358000 -2.267000 2.068000
-5.397000 -1.946000 3.107000
-7.277000 -2.596000 2.531000
-5.859000 -3.357000 1.138000
-7.518000 -4.435000 1.445000
-6.276000 -5.503000 0.102000
-6.660000 -4.407000 0.973000
-5.435000 -6.021000 0.540000
-5.891000 -5.028000 -1.285000
-4.022000 -5.698000 -1.038000
-4.147000 -4.830000 -2.968000
-4.636000 -5.250000 -1.659000
-4.986000 -4.437000 -3.522000
-3.550000 -5.998000 -3.744000
-4.495000 -5.411000 -5.407000
-3.374000 -7.142000 -5.885000
-3.891000 -6.084000 -5.027000
-3.337000 -8.049000 -5.308000
-1.964000 -6.797000 -6.345000
-2.298000 -4.883000 -5.910000
-0.320000 -5.019000 -6.641000
-1.637000 -5.515000 -6.256000
0.417000 -5.725000 -6.290000
-0.056000 -3.669000 -5.999000
1.677000 -3.530000 -6.977000
1.441000 -1.776000 -5.812000
1.078000 -3.080000 -6.341000
1.274000 -1.788000 -4.747000
0.570000 -0.693000 -6.434000
0.374000 -1.781000 -8.093000
-0.712000 -0.001000 -8.379000
0.128000 -0.942000 -7.661000
-0.390000 0.987000 -8.111000
-2.178000 -0.170000 -7.995000
-1.673000 -1.296000 -6.423000
-3.782000 -1.147000 -6.448000
-2.423000 -0.903000 -6.915000
-4.461000 -0.774000 -7.200000
-4.056000 -0.422000 -5.134000
-2.273000 0.488000 -5.200000
-3.262000 1.126000 -3.438000
-3.100000 0.387000 -4.685000
-4.206000 0.836000 -3.008000
-3.284000 2.628000 -3.672000
-3.939000 2.888000 -1.810000
-3.770000 4.797000 -2.673000
-3.685000 3.349000 -2.633000
-4.503000 5.063000 -3.403000
-2.459000 5.439000 -3.099000
-2.808000 6.978000 -1.899000
-0.983000 7.347000 -2.903000
-2.182000 6.602000 -2.548000
-0.715000 7.072000 -3.912000
0.187000 7.025000 -1.988000
-0.695000 8.010000 -0.500000
1.153000 7.296000 0.218000
0.096000 7.495000 -0.756000
2.041000 7.719000 -0.198000
1.397000 5.821000 0.504000
-0.276000 5.326000 -0.455000
0.610000 3.544000 0.275000
0.495000 4.977000 0.039000
1.205000 3.409000 1.166000
1.286000 2.808000 -0.873000
1.798000 1.356000 0.395000
2.515000 0.814000 -1.513000
1.848000 1.652000 -0.537000
2.126000 1.036000 -2.497000
2.293000 -0.657000 -1.210000
1.725000 -1.019000 -3.093000
1.612000 -2.840000 -2.028000
1.873000 -1.420000 -2.215000
1.103000 -2.949000 -1.089000
2.906000 -3.643000 -1.982000
2.419000 -4.370000 -0.185000
4.294000 -5.193000 -0.717000
3.099000 -4.377000 -0.891000
5.007000 -4.901000 -1.472000
3.974000 -6.675000 -0.887000
5.177000 -6.782000 -2.477000
4.358000 -8.704000 -2.176000
4.576000 -7.291000 -1.900000
3.316000 -8.827000 -2.420000
4.677000 -9.563000 -0.952000
2.907000 -9.110000 -0.146000
3.911000 -10.395000 1.204000
3.737000 -9.610000 -0.015000
4.061000 -11.425000 0.914000
2.669000 -10.310000 2.086000
3.058000 -8.394000 2.501000
1.286000 -8.922000 3.533000
2.438000 -9.135000 2.663000
1.251000 -9.734000 4.242000
-0.009000 -8.915000 2.728000
0.953000 -8.167000 1.144000
-1.075000 -8.407000 0.592000
0.083000 -8.465000 1.479000
-0.713000 -8.486000 -0.422000
-1.825000 -7.085000 0.737000
-0.981000 -6.741000 2.522000
-2.266000 -5.112000 2.086000
-1.603000 -6.389000 1.851000
-3.203000 -5.127000 1.550000
-1.432000 -3.956000 1.558000
-2.586000 -2.665000 2.544000
-1.103000 -1.554000 1.521000
-1.810000 -2.751000 1.951000
-0.334000 -1.857000 0.826000
-0.447000 -0.854000 2.703000
1.351000 -1.048000 1.849000
1.622000 -0.056000 3.698000
0.872000 -0.709000 2.635000
0.924000 0.223000 4.475000
2.312000 1.199000 3.181000
2.021000 2.121000 4.931000
3.029000 3.471000 3.651000
2.395000 2.215000 4.031000
2.338000 4.008000 3.022000
4.306000 3.216000 2.861000
4.062000 4.933000 1.873000
5.827000 4.032000 1.148000
4.635000 4.148000 1.975000
6.687000 4.110000 1.793000
5.876000 5.154000 0.119000
6.945000 6.292000 1.363000
6.648000 7.396000 -0.408000
6.531000 6.251000 0.479000
7.208000 7.086000 -1.274000
7.394000 8.530000 0.282000
9.082000 8.015000 -0.653000
9.519000 9.683000 0.573000
8.682000 8.647000 -0.019000
10.324000 9.890000 -0.116000
10.114000 9.206000 1.893000
11.054000 10.953000 2.136000
11.526000 9.734000 3.802000
10.897000 10.069000 2.530000
11.597000 8.658000 3.863000
10.690000 10.239000 4.973000
9.773000 8.469000 5.125000
8.974000 9.734000 6.624000
9.832000 9.372000 5.500000
9.590000 10.222000 7.365000
8.342000 8.496000 7.248000
