1 0 0 0 0 0.000000 0.000000
2 1 0 0 0 0.000000 0.000000
3 2 1 0 0 0.000000 0.000000
4 3 2 1 1 35.195595 0.000000
5 4 3 2 1 121.653009 0.000000
6 5 4 3 0 0.000000 0.000000
7 6 5 4 -1 114.871344 0.000000
8 7 5 4 1 154.717301 20.000000
9 8 7 5 -1 169.476951 0.000000
10 9 8 7 1 51.449622 20.000000
11 9 8 7 1 171.759901 0.000000
12 10 9 8 1 115.005913 0.000000
13 10 9 8 1 179.215715 20.000000
14 13 10 9 1 163.331696 0.000000
15 14 13 10 -1 69.617856 20.000000
16 14 13 10 -1 166.261497 0.000000
17 15 14 13 1 117.619517 0.000000
18 15 14 13 1 138.600093 20.000000
19 18 15 14 -1 176.323028 0.000000
20 19 18 15 -1 71.934659 20.000000
21 19 18 15 -1 155.988181 0.000000
22 20 19 18 1 120.118640 0.000000
23 20 19 18 -1 71.275047 20.000000
24 23 20 19 -1 179.252618 0.000000
25 24 23 20 -1 172.146038 20.000000
26 24 23 20 -1 177.709551 0.000000
27 25 24 23 1 117.995687 0.000000
28 25 24 23 1 70.253877 20.000000
29 28 25 24 -1 164.380644 0.000000
30 29 28 25 1 95.820873 20.000000
31 29 28 25 1 163.994632 0.000000
32 30 29 28 1 115.793524 0.000000
33 30 29 28 1 128.155107 20.000000
34 33 30 29 1 177.782415 0.000000
35 34 33 30 -1 67.085035 20.000000
36 34 33 30 -1 158.532650 0.000000
37 35 34 33 1 120.427840 0.000000
38 35 34 33 1 134.211428 20.000000
39 38 35 34 -1 178.843156 0.000000
40 39 38 35 -1 80.126586 20.000000
41 39 38 35 1 179.162801 0.000000
42 40 39 38 1 116.651543 0.000000
43 40 39 38 -1 138.989859 20.000000
44 43 40 39 1 174.269890 0.000000
45 44 43 40 -1 52.211790 20.000000
46 44 43 40 -1 172.807323 0.000000
47 45 44 43 1 118.355499 0.000000
48 45 44 43 -1 35.810096 20.000000
49 48 45 44 1 174.624031 0.000000
50 49 48 45 -1 58.505515 20.000000
51 49 48 45 -1 173.171671 0.000000
52 50 49 48 1 119.033498 0.000000
53 50 49 48 -1 35.255105 20.000000
54 53 50 49 1 175.931116 0.000000
55 54 53 50 -1 50.548151 20.000000
56 54 53 50 -1 172.041643 0.000000
57 55 54 53 1 116.743945 0.000000
58 55 54 53 -1 59.259587 20.000000
59 58 55 54 -1 177.514589 0.000000
60 59 58 55 -1 65.871954 20.000000
61 59 58 55 -1 177.292445 0.000000
62 60 59 58 1 114.525897 0.000000
63 60 59 58 -1 29.009974 20.000000
64 63 60 59 1 168.615156 0.000000
65 64 63 60 -1 60.065926 20.000000
66 64 63 60 -1 175.262815 0.000000
67 65 64 63 1 116.988124 0.000000
68 65 64 63 -1 48.591942 20.000000
69 68 65 64 1 176.080711 0.000000
70 69 68 65 -1 56.529816 20.000000
71 69 68 65 -1 179.899641 0.000000
72 70 69 68 1 115.005274 0.000000
73 70 69 68 -1 45.732229 20.000000
74 73 70 69 1 174.543931 0.000000
75 74 73 70 -1 56.907091 20.000000
76 74 73 70 -1 178.331396 0.000000
77 75 74 73 1 116.592698 0.000000
78 75 74 73 -1 51.062288 20.000000
79 78 75 74 1 177.119381 0.000000
80 79 78 75 -1 59.687956 20.000000
81 79 78 75 -1 176.316246 0.000000
82 80 79 78 1 116.306739 0.000000
83 80 79 78 -1 51.036425 20.000000
84 83 80 79 1 175.971971 0.000000
85 84 83 80 -1 55.279186 20.000000
86 84 83 80 -1 178.925258 0.000000
87 85 84 83 1 116.131207 0.000000
88 85 84 83 -1 53.940846 20.000000
89 88 85 84 1 177.537238 0.000000
90 89 88 85 -1 60.295683 20.000000
91 89 88 85 1 179.975978 0.000000
92 90 89 88 1 115.742927 0.000000
93 90 89 88 -1 42.387790 20.000000
94 93 90 89 1 178.261880 0.000000
95 94 93 90 -1 62.433496 20.000000
96 94 93 90 -1 174.601484 0.000000
97 95 94 93 1 116.650021 0.000000
98 95 94 93 -1 50.460158 20.000000
99 98 95 94 1 176.778773 0.000000
100 99 98 95 -1 44.987069 20.000000
101 99 98 95 -1 178.483006 0.000000
102 100 99 98 1 115.137533 0.000000
103 100 99 98 -1 54.143432 20.000000
104 103 100 99 1 177.570128 0.000000
105 104 103 100 -1 50.820181 20.000000
106 104 103 100 -1 178.416991 0.000000
107 105 104 103 1 118.656248 0.000000
108 105 104 103 -1 43.885180 20.000000
109 108 105 104 1 177.951464 0.000000
110 109 108 105 -1 58.078425 20.000000
111 109 108 105 -1 175.274657 0.000000
112 110 109 108 1 117.506947 0.000000
113 110 109 108 -1 46.761341 20.000000
114 113 110 109 1 179.290751 0.000000
115 114 113 110 -1 62.355257 20.000000
116 114 113 110 -1 176.973847 0.000000
117 115 114 113 1 117.768606 0.000000
118 115 114 113 -1 46.373898 20.000000
119 118 115 114 1 174.803594 0.000000
120 119 118 115 -1 53.485201 20.000000
121 119 118 115 -1 178.389154 0.000000
122 120 119 118 1 115.496315 0.000000
123 120 119 118 -1 47.415333 20.000000
124 123 120 119 1 173.261625 0.000000
125 124 123 120 -1 57.698277 20.000000
126 124 123 120 -1 178.496506 0.000000
127 125 124 123 1 115.355714 0.000000
128 125 124 123 -1 43.801334 20.000000
129 128 125 124 1 178.362604 0.000000
130 129 128 125 -1 59.996383 20.000000
131 129 128 125 -1 177.512353 0.000000
132 130 129 128 1 117.825414 0.000000
133 130 129 128 -1 43.667004 20.000000
134 133 130 129 1 178.629411 0.000000
135 134 133 130 -1 61.559101 20.000000
136 134 133 130 1 178.824140 0.000000
137 135 134 133 1 117.184609 0.000000
138 135 134 133 -1 35.623657 20.000000
139 138 135 134 -1 179.672727 0.000000
140 139 138 135 -1 54.418977 20.000000
141 139 138 135 -1 178.476492 0.000000
142 140 139 138 1 116.715497 0.000000
143 140 139 138 -1 58.417501 20.000000
144 143 140 139 1 175.362640 0.000000
145 144 143 140 -1 47.156149 20.000000
146 144 143 140 -1 177.924263 0.000000
147 145 144 143 1 119.995203 0.000000
148 145 144 143 -1 42.554420 20.000000
149 148 145 144 1 178.231111 0.000000
150 149 148 145 -1 59.077429 20.000000
151 149 148 145 -1 178.443977 0.000000
152 150 149 148 1 118.097963 0.000000
153 150 149 148 -1 52.807947 20.000000
154 153 150 149 1 178.408923 0.000000
155 154 153 150 -1 52.937725 20.000000
156 154 153 150 -1 176.200367 0.000000
157 155 154 153 1 119.340723 0.000000
158 155 154 153 -1 47.822456 20.000000
159 158 155 154 1 178.009580 0.000000
160 159 158 155 -1 60.764508 20.000000
161 159 158 155 -1 177.850516 0.000000
162 160 159 158 1 117.446821 0.000000
163 160 159 158 -1 42.151635 20.000000
164 163 160 159 1 173.804324 0.000000
165 164 163 160 -1 59.619035 20.000000
166 164 163 160 -1 176.500761 0.000000
167 165 164 163 1 117.582765 0.000000
168 165 164 163 -1 43.434999 20.000000
169 168 165 164 1 176.247372 0.000000
170 169 168 165 -1 172.101757 20.000000
171 169 168 165 -1 176.698397 0.000000
172 170 169 168 1 120.141421 0.000000
173 170 169 168 -1 73.671520 20.000000
174 173 170 169 1 175.316960 0.000000
175 174 173 170 -1 139.594316 20.000000
176 174 173 170 -1 165.810489 0.000000
177 175 174 173 1 120.040784 0.000000
