3.298000 12.704000 -23.648000
3.046000 13.227000 -25.208000
4.584000 12.919000 -24.631000
3.605000 12.642000 -24.608000
3.625000 11.233000 -25.041000
2.788000 10.698000 -24.593000
4.933000 10.672000 -24.503000
4.228000 8.780000 -24.510000
6.116000 8.674000 -23.568000
5.026000 9.353000 -24.279000
5.732000 7.686000 -23.306000
6.462000 9.343000 -22.226000
7.997000 8.042000 -21.875000
8.126000 9.588000 -20.471000
7.493000 8.844000 -21.540000
7.347000 10.029000 -19.849000
8.963000 10.691000 -21.133000
8.497000 11.674000 -18.541000
9.709000 13.011000 -21.216000
8.997000 11.915000 -20.586000
9.370000 13.136000 -22.241000
11.206000 12.710000 -21.248000
11.265000 12.768000 -19.238000
13.243000 12.399000 -19.887000
11.823000 12.656000 -20.071000
13.545000 11.555000 -20.509000
13.423000 12.024000 -18.419000
12.292000 10.451000 -18.810000
12.489000 10.403000 -16.724000
12.797000 10.895000 -18.067000
12.444000 9.319000 -16.806000
11.130000 10.973000 -16.301000
11.249000 8.394000 -15.137000
8.930000 10.691000 -15.271000
10.211000 10.175000 -15.728000
8.402000 11.137000 -16.114000
9.125000 11.749000 -14.178000
7.728000 12.897000 -15.061000
8.395000 13.991000 -13.382000
8.367000 12.846000 -14.285000
9.407000 14.130000 -13.015000
7.564000 13.654000 -12.139000
6.604000 15.404000 -12.223000
5.745000 14.316000 -10.596000
6.686000 14.550000 -11.694000
6.327000 14.314000 -9.675000
5.008000 12.969000 -10.699000
5.193000 12.947000 -12.709000
4.244000 11.130000 -12.159000
4.823000 12.448000 -11.917000
3.214000 11.121000 -11.808000
5.012000 10.063000 -11.373000
6.746000 11.075000 -11.603000
7.160000 9.340000 -10.445000
6.328000 10.228000 -11.236000
7.058000 8.343000 -10.874000
6.659000 9.310000 -9.004000
6.682000 11.341000 -8.853000
6.104000 10.481000 -6.967000
6.527000 10.475000 -8.359000
6.700000 9.719000 -6.484000
4.642000 10.056000 -6.828000
4.213000 10.790000 -8.659000
2.505000 9.693000 -7.954000
3.841000 10.268000 -7.873000
1.945000 10.043000 -7.098000
2.622000 8.165000 -7.879000
3.976000 8.148000 -9.391000
3.757000 6.151000 -8.693000
3.485000 7.578000 -8.713000
2.809000 5.680000 -8.924000
4.197000 5.693000 -7.303000
5.496000 7.227000 -7.172000
5.505000 6.149000 -5.292000
5.106000 6.435000 -6.669000
5.938000 5.148000 -5.277000
4.271000 6.119000 -4.379000
3.553000 7.883000 -5.113000
2.171000 7.134000 -3.660000
3.396000 7.127000 -4.452000
2.461000 7.088000 -2.609000
1.350000 5.872000 -3.945000
1.513000 6.071000 -5.973000
0.468000 4.276000 -5.569000
1.159000 5.502000 -5.215000
-0.546000 4.379000 -5.196000
1.122000 3.071000 -4.874000
2.972000 3.586000 -5.538000
3.178000 1.860000 -4.323000
2.446000 2.929000 -4.980000
2.779000 0.935000 -4.726000
2.924000 1.874000 -2.811000
3.087000 3.901000 -2.713000
2.690000 3.171000 -0.751000
2.955000 3.050000 -2.177000
3.389000 2.522000 -0.226000
1.280000 2.661000 -0.465000
0.522000 3.776000 -1.967000
-1.081000 2.651000 -1.127000
0.294000 3.106000 -1.245000
-1.403000 2.955000 -0.137000
-1.149000 1.121000 -1.209000
-0.028000 1.062000 -2.918000
-0.470000 -0.925000 -2.380000
-0.523000 0.517000 -2.220000
-1.488000 -1.301000 -2.489000
0.141000 -1.588000 -1.140000
1.662000 -0.225000 -1.052000
1.918000 -1.565000 0.550000
1.262000 -1.062000 -0.642000
2.140000 -2.623000 0.413000
0.950000 -1.480000 1.739000
0.365000 0.430000 1.279000
-0.674000 -0.135000 2.988000
0.276000 -0.344000 1.922000
-0.186000 -0.345000 3.940000
-1.827000 -1.129000 2.861000
-1.989000 -0.931000 0.809000
-3.313000 -2.383000 1.402000
-2.310000 -1.391000 1.647000
-4.144000 -2.155000 2.063000
-2.791000 -3.765000 1.799000
-1.035000 -3.571000 0.759000
-0.956000 -5.372000 1.836000
-1.580000 -4.144000 1.388000
-1.615000 -6.175000 1.517000
-0.880000 -5.435000 3.362000
-0.390000 -3.475000 3.479000
-0.494000 -4.268000 5.469000
-0.558000 -4.319000 4.017000
0.155000 -5.063000 5.823000
-1.895000 -4.530000 6.022000
-2.762000 -3.206000 4.725000
-4.296000 -4.065000 5.880000
-2.920000 -3.880000 5.464000
-4.354000 -3.803000 6.926000
-4.677000 -5.538000 5.696000
-3.716000 -5.623000 3.904000
-4.585000 -7.533000 4.290000
-4.276000 -6.143000 4.574000
-5.662000 -7.663000 4.392000
-3.920000 -8.425000 5.336000
-2.098000 -7.600000 4.975000
-1.899000 -9.000000 6.585000
-2.610000 -8.271000 5.543000
-1.882000 -10.058000 6.326000
-2.580000 -8.841000 7.946000
-2.717000 -6.844000 7.666000
-3.613000 -7.292000 9.550000
-2.925000 -7.604000 8.305000
-2.972000 -7.601000 10.378000
-4.926000 -8.073000 9.646000
-5.526000 -7.542000 7.746000
-7.005000 -8.747000 8.542000
-5.755000 -8.034000 8.600000
-7.645000 -8.441000 9.367000
-6.743000 -10.253000 8.696000
-5.170000 -10.206000 7.402000
-5.396000 -12.210000 8.130000
-5.735000 -10.797000 8.005000
-6.291000 -12.794000 7.919000
-4.988000 -12.558000 9.566000
-3.921000 -10.837000 9.766000
-3.906000 -11.860000 11.647000
-4.234000 -11.682000 10.237000
-3.459000 -12.849000 11.762000
-5.180000 -11.810000 12.502000
-5.852000 -10.199000 11.478000
-7.349000 -10.718000 12.892000
-6.064000 -10.849000 12.227000
-7.929000 -11.627000 12.725000
-8.127000 -9.520000 12.350000
-6.704000 -8.193000 13.006000
-8.145000 -7.049000 12.126000
-7.631000 -8.310000 12.616000
-8.793000 -7.174000 11.259000
-6.899000 -6.279000 11.703000
