-9.958000 12.814000 -3.038000
-8.338000 12.314000 -3.084000
-9.107000 12.563000 -1.590000
-9.236000 12.232000 -2.568000
-9.676000 10.807000 -2.556000
-10.718000 10.737000 -2.287000
-8.815000 9.996000 -1.584000
-7.666000 9.557000 -2.019000
-7.383000 9.751000 -2.937000
-6.783000 8.761000 -1.119000
-5.436000 9.467000 -0.940000
-7.258000 8.607000 -0.163000
-5.029000 9.689000 0.280000
-5.580000 9.405000 1.040000
-3.725000 10.372000 0.519000
-2.575000 9.366000 0.427000
-3.584000 11.173000 -0.190000
-2.505000 8.445000 1.349000
-3.174000 8.417000 2.065000
-1.408000 7.436000 1.314000
-1.841000 6.211000 0.504000
-0.512000 7.868000 0.896000
-2.045000 6.376000 -0.775000
-1.919000 7.259000 -1.181000
-2.468000 5.221000 -1.617000
-1.480000 5.015000 -2.769000
-2.543000 4.326000 -1.020000
-0.944000 3.833000 -2.899000
-1.177000 3.117000 -2.272000
0.026000 3.571000 -4.001000
-0.718000 3.153000 -5.272000
0.630000 4.445000 -4.188000
-0.020000 3.030000 -6.367000
0.945000 3.205000 -6.355000
-0.688000 2.625000 -7.637000
-0.503000 1.125000 -7.877000
-1.737000 2.876000 -7.608000
0.024000 0.421000 -6.913000
0.284000 0.856000 -6.074000
0.230000 -1.046000 -7.087000
-0.935000 -1.821000 -6.466000
0.332000 -1.291000 -8.132000
-1.354000 -2.885000 -7.094000
-0.925000 -3.161000 -7.931000
-2.485000 -3.682000 -6.539000
-2.008000 -4.522000 -5.351000
-3.294000 -3.033000 -6.242000
-2.875000 -4.785000 -4.412000
-3.793000 -4.449000 -4.484000
-2.470000 -5.598000 -3.229000
-2.412000 -7.082000 -3.603000
-1.516000 -5.266000 -2.853000
-2.389000 -7.948000 -2.627000
-2.408000 -7.640000 -1.697000
-2.333000 -9.407000 -2.927000
-1.247000 -10.064000 -2.072000
-3.290000 -9.857000 -2.704000
-0.310000 -9.293000 -1.592000
-0.319000 -8.332000 -1.784000
0.776000 -9.875000 -0.752000
1.391000 -8.793000 0.141000
0.396000 -10.687000 -0.153000
1.187000 -8.886000 1.426000
0.658000 -9.628000 1.787000
1.761000 -7.863000 2.348000
3.210000 -7.557000 1.962000
1.167000 -6.963000 2.328000
3.931000 -8.541000 1.499000
3.540000 -9.435000 1.409000
5.350000 -8.305000 1.106000
5.413000 -7.438000 -0.154000
5.893000 -7.839000 1.913000
4.615000 -7.748000 -1.139000
4.006000 -8.511000 -1.055000
4.630000 -6.941000 -2.393000
4.416000 -5.459000 -2.071000
5.560000 -7.082000 -2.921000
3.475000 -5.158000 -1.218000
2.937000 -5.869000 -0.811000
3.218000 -3.732000 -0.864000
4.211000 -3.266000 0.204000
3.285000 -3.108000 -1.741000
4.797000 -4.183000 0.924000
4.595000 -5.129000 0.771000
5.774000 -3.790000 1.980000
7.022000 -3.173000 1.342000
5.323000 -3.098000 2.673000
7.358000 -3.587000 0.151000
6.817000 -4.268000 -0.302000
8.563000 -3.023000 -0.522000
8.348000 -1.541000 -0.839000
9.436000 -3.154000 0.097000
7.309000 -1.277000 -1.584000
5.919000 -2.843000 -1.345000
6.981000 0.118000 -1.968000
6.420000 0.885000 -0.768000
7.847000 0.617000 -2.372000
5.366000 0.392000 -0.177000
4.964000 -0.439000 -0.505000
4.773000 1.094000 0.998000
5.871000 1.482000 1.991000
4.226000 1.967000 0.679000
6.974000 0.786000 1.973000
7.076000 0.046000 1.338000
8.081000 1.116000 2.917000
9.037000 2.126000 2.278000
7.684000 1.504000 3.842000
9.277000 2.005000 1.001000
8.850000 1.287000 0.488000
10.200000 2.959000 0.322000
9.456000 4.247000 -0.041000
11.048000 3.177000 0.952000
8.155000 4.192000 -0.113000
7.690000 3.347000 0.062000
7.374000 5.414000 -0.462000
7.064000 6.221000 0.801000
7.916000 6.017000 -1.173000
6.402000 5.622000 1.752000
6.123000 4.689000 1.642000
6.070000 6.356000 3.007000
7.183000 6.167000 4.041000
5.919000 7.404000 2.802000
7.807000 5.021000 4.053000
7.556000 4.320000 3.415000
8.900000 4.777000 5.036000
8.472000 3.684000 6.016000
9.792000 4.464000 4.512000
7.194000 3.450000 6.137000
6.549000 3.966000 5.610000
6.714000 2.396000 7.077000
5.867000 1.364000 6.327000
7.549000 1.917000 7.564000
6.237000 0.115000 6.397000
7.031000 -0.133000 6.915000
5.452000 -0.936000 5.688000
4.161000 -1.239000 6.454000
5.229000 -0.625000 4.680000
3.281000 -0.280000 6.555000
3.460000 0.593000 6.149000
2.005000 -0.514000 7.289000
0.820000 0.004000 6.469000
1.882000 -1.563000 7.508000
0.151000 -0.865000 5.762000
0.413000 -1.809000 5.769000
-1.012000 -0.420000 4.943000
-1.970000 -1.595000 4.735000
-1.527000 0.380000 5.454000
-2.935000 -1.440000 3.870000
-3.025000 -0.595000 3.383000
-3.901000 -2.549000 3.624000
-4.314000 -2.574000 2.150000
-3.470000 -3.495000 3.912000
-5.165000 -3.491000 1.778000
-5.514000 -4.130000 2.433000
-5.605000 -3.565000 0.355000
-6.978000 -2.908000 0.191000
-4.881000 -3.093000 -0.289000
-7.027000 -1.760000 -0.426000
-6.203000 -1.350000 -0.764000
-8.335000 -1.070000 -0.616000
-8.607000 -0.853000 -2.107000
-9.132000 -1.642000 -0.166000
-9.700000 -1.368000 -2.602000
-10.310000 -1.871000 -2.023000
-10.019000 -1.190000 -4.047000
-8.966000 -1.889000 -4.912000
-11.003000 -1.575000 -4.266000
-8.658000 -3.120000 -4.609000
-9.096000 -3.563000 -3.852000
-7.638000 -3.853000 -5.413000
-6.301000 -3.109000 -5.377000
-7.520000 -4.860000 -5.045000
-6.141000 -2.201000 -4.453000
-6.863000 -2.018000 -3.816000
-4.860000 -1.443000 -4.367000
-4.395000 -1.353000 -2.911000
-4.103000 -1.910000 -4.977000
-3.109000 -1.324000 -2.690000
-2.482000 -1.358000 -3.442000
-2.595000 -1.237000 -1.293000
-2.602000 0.218000 -0.816000
-3.186000 -1.853000 -0.635000
-3.155000 0.471000 0.338000
-3.547000 -0.258000 0.864000
-3.193000 1.869000 0.857000
-2.514000 1.943000 2.227000
-2.717000 2.542000 0.162000
-1.397000 2.613000 2.310000
-1.024000 3.045000 1.513000
-0.688000 2.721000 3.617000
-1.263000 3.880000 4.436000
-0.764000 1.796000 4.166000
-1.029000 3.884000 5.720000
-0.503000 3.163000 6.125000
-1.564000 4.986000 6.572000
-0.504000 5.435000 7.581000
-1.879000 5.816000 5.960000
-0.648000 6.615000 8.121000
-1.412000 7.176000 7.875000
0.352000 7.108000 9.111000
-0.353000 7.565000 10.391000
1.075000 6.339000 9.332000
