-2.714000 -1.584000 -6.614000
-2.567000 -1.079000 -5.056000
-2.199000 -0.044000 -6.292000
-2.820000 -0.794000 -5.998000
-4.178000 -0.215000 -6.074000
-4.686000 -0.635000 -6.943000
-4.053000 1.286000 -6.327000
-6.062000 1.535000 -6.371000
-5.173000 2.005000 -6.452000
-5.196000 3.428000 -6.774000
-4.654000 3.593000 -7.706000
-4.570000 4.281000 -5.670000
-5.920000 3.619000 -4.284000
-5.120000 4.213000 -4.455000
-4.571000 4.820000 -3.254000
-3.525000 4.560000 -3.195000
-5.284000 4.182000 -2.062000
-3.640000 4.390000 -0.914000
-4.596000 4.051000 -0.925000
-5.147000 3.388000 0.258000
-5.505000 2.397000 -0.030000
-6.349000 4.133000 0.821000
-6.527000 2.637000 2.110000
-6.981000 3.485000 1.788000
-8.099000 4.007000 2.549000
-8.698000 4.657000 1.907000
-7.506000 4.843000 3.675000
-6.939000 6.034000 2.231000
-6.945000 5.966000 3.239000
-6.178000 6.912000 4.037000
-5.659000 7.570000 3.346000
-5.121000 6.180000 4.877000
-4.406000 5.293000 3.213000
-4.320000 5.344000 4.210000
-3.208000 4.633000 4.813000
-2.498000 4.382000 4.026000
-3.620000 3.342000 5.524000
-5.255000 3.071000 4.330000
-4.706000 2.702000 5.075000
-5.154000 1.381000 5.445000
-4.391000 0.877000 6.022000
-5.547000 0.683000 4.147000
-4.742000 -1.018000 4.784000
-5.234000 -0.600000 4.016000
-5.748000 -1.469000 2.956000
-6.553000 -0.945000 2.442000
-6.353000 -2.728000 3.587000
-6.579000 -3.505000 0.818000
-7.155000 -3.499000 2.835000
-7.778000 -4.712000 3.325000
-8.107000 -4.604000 4.360000
-6.790000 -5.873000 3.227000
-8.110000 -7.021000 4.188000
-7.186000 -7.021000 3.781000
-6.423000 -8.269000 3.839000
-6.750000 -8.745000 4.759000
-4.924000 -8.076000 4.073000
-5.455000 -6.687000 5.346000
-4.641000 -7.149000 4.978000
-3.317000 -6.696000 5.355000
-3.409000 -5.754000 5.896000
-2.423000 -6.471000 4.138000
-3.914000 -5.521000 3.145000
-2.936000 -5.800000 3.103000
-2.088000 -5.322000 2.018000
-1.323000 -6.056000 1.811000
-1.365000 -4.066000 2.498000
0.305000 -4.469000 1.385000
-0.096000 -3.898000 2.115000
0.712000 -2.827000 2.674000
0.495000 -2.691000 3.735000
0.417000 -1.564000 1.892000
0.228000 -0.482000 3.599000
0.214000 -0.447000 2.591000
0.223000 0.857000 1.953000
-0.315000 0.775000 1.016000
1.680000 1.208000 1.684000
1.309000 1.220000 -0.284000
2.033000 1.343000 0.408000
3.357000 1.750000 -0.015000
4.014000 0.901000 0.204000
3.746000 3.081000 0.638000
5.708000 2.721000 0.278000
5.038000 3.409000 0.587000
5.504000 4.753000 0.909000
5.256000 4.966000 1.932000
4.814000 5.826000 0.040000
4.365000 4.535000 -1.526000
4.257000 5.442000 -1.118000
3.606000 6.273000 -2.082000
4.052000 7.247000 -2.159000
2.098000 6.378000 -1.824000
2.206000 5.296000 -0.097000
1.599000 5.755000 -0.752000
0.206000 5.775000 -0.380000
0.116000 5.363000 0.625000
-0.699000 4.959000 -1.309000
0.899000 4.165000 -2.271000
-0.112000 4.177000 -2.223000
-0.826000 3.148000 -2.974000
-1.886000 3.351000 -3.042000
-0.671000 1.871000 -2.163000
-1.434000 0.673000 -3.614000
-1.113000 0.717000 -2.661000
-1.115000 -0.487000 -1.834000
-0.190000 -0.466000 -1.267000
-1.077000 -1.776000 -2.632000
-0.108000 -2.678000 -1.076000
-0.499000 -2.804000 -2.008000
-0.396000 -4.150000 -2.508000
-1.397000 -4.576000 -2.544000
0.469000 -4.920000 -1.517000
-0.559000 -6.592000 -1.912000
0.205000 -6.213000 -1.375000
0.808000 -7.031000 -0.335000
0.929000 -6.431000 0.567000
2.196000 -7.500000 -0.771000
2.911000 -5.590000 -0.772000
3.143000 -6.566000 -0.914000
4.516000 -6.948000 -1.186000
4.770000 -7.668000 -0.411000
5.520000 -5.791000 -1.156000
7.265000 -7.962000 -1.997000
6.828000 -6.122000 -1.095000
7.946000 -5.184000 -1.035000
7.957000 -4.742000 -0.039000
7.913000 -4.070000 -2.081000
6.933000 -5.241000 -3.409000
7.330000 -4.328000 -3.257000
7.133000 -3.307000 -4.279000
8.106000 -3.029000 -4.688000
6.519000 -2.055000 -3.648000
5.193000 -3.164000 -2.547000
5.516000 -2.235000 -2.789000
4.896000 -1.158000 -2.061000
4.966000 -0.224000 -2.620000
5.599000 -1.025000 -0.714000
4.993000 -2.875000 -0.369000
5.520000 -2.116000 0.046000
5.830000 -2.209000 1.466000
5.191000 -1.494000 1.980000
7.275000 -1.869000 1.809000
7.929000 -2.440000 -0.031000
8.194000 -2.071000 0.864000
9.587000 -1.746000 1.051000
9.929000 -2.374000 1.862000
9.771000 -0.261000 1.368000
11.612000 -0.639000 2.103000
10.915000 0.075000 1.972000
11.311000 1.412000 2.386000
12.298000 1.318000 2.841000
10.386000 1.990000 3.465000
