0.650000 -6.106000 -0.385000
0.821000 -6.048000 -2.057000
-0.604000 -6.628000 -1.377000
0.158000 -5.942000 -1.276000
-0.403000 -4.574000 -1.286000
0.418000 -3.850000 -1.124000
-1.389000 -4.462000 -0.100000
0.101000 -3.654000 0.977000
-0.885000 -3.935000 1.027000
-1.672000 -3.846000 2.282000
-2.600000 -4.434000 2.178000
-1.982000 -2.353000 2.609000
-4.355000 -3.470000 3.930000
-3.221000 -1.942000 2.985000
-3.549000 -0.526000 3.302000
-3.615000 0.008000 2.342000
-2.613000 0.294000 4.224000
-2.436000 -1.273000 5.440000
-2.099000 -0.316000 5.298000
-1.143000 0.380000 6.203000
-1.601000 1.338000 6.502000
0.240000 0.719000 5.574000
0.083000 -0.891000 4.423000
0.704000 -0.100000 4.624000
1.975000 0.156000 3.892000
2.790000 0.297000 4.628000
1.962000 1.370000 2.911000
-0.031000 1.452000 2.999000
0.781000 1.879000 2.538000
0.658000 2.781000 1.369000
1.098000 2.240000 0.509000
1.408000 4.137000 1.478000
2.088000 3.731000 -0.357000
2.119000 4.437000 0.387000
2.885000 5.688000 0.235000
2.260000 6.566000 0.483000
3.330000 5.749000 -1.237000
4.811000 4.464000 -0.800000
4.353000 4.952000 -1.577000
4.679000 4.679000 -2.996000
4.709000 5.620000 -3.568000
3.667000 3.710000 -3.648000
4.055000 2.428000 -2.179000
3.474000 2.546000 -3.015000
2.381000 1.606000 -3.388000
2.380000 1.432000 -4.487000
1.034000 2.264000 -2.979000
0.290000 1.878000 -4.816000
0.079000 2.321000 -3.915000
-1.222000 2.959000 -3.640000
-1.451000 2.915000 -2.559000
-2.305000 2.180000 -4.390000
