1 0 0 0 0 0.000000 0.000000
2 1 0 0 0 0.000000 0.000000
3 2 1 0 0 0.000000 0.000000
4 3 2 1 1 35.342417 0.000000
5 4 3 2 1 120.015163 0.000000
6 5 4 3 0 0.000000 0.000000
7 6 5 4 -1 122.162320 0.000000
8 7 5 4 1 1.000000 0.000000
9 8 7 5 -1 0.061055 0.000000
10 8 7 5 1 179.956756 0.000000
11 10 8 7 1 2.000000 1.000000
12 11 10 8 1 122.352327 0.000000
13 11 10 8 1 3.000000 2.000000
14 13 11 10 1 0.025847 0.000000
15 13 11 10 1 179.924834 0.000000
16 15 13 11 1 4.000000 3.000000
17 16 15 13 1 122.765409 0.000000
18 16 15 13 1 5.000000 4.000000
19 18 16 15 -1 0.063121 0.000000
20 18 16 15 -1 179.765499 0.000000
21 20 18 16 1 6.000000 5.000000
22 21 20 18 1 122.552515 0.000000
23 21 20 18 1 7.000000 6.000000
24 23 21 20 -1 0.071459 0.000000
25 23 21 20 -1 179.375771 0.000000
26 25 23 21 1 8.000000 7.000000
27 26 25 23 1 122.876226 0.000000
28 26 25 23 1 9.000000 8.000000
29 28 26 25 -1 0.268789 0.000000
30 28 26 25 1 179.093015 0.000000
31 30 28 26 1 10.000000 9.000000
32 31 30 28 1 122.314667 0.000000
33 31 30 28 1 11.000000 9.000000
34 33 31 30 -1 0.121173 0.000000
35 33 31 30 -1 179.581677 0.000000
36 35 33 31 1 12.000000 10.000000
37 36 35 33 1 122.305055 0.000000
38 36 35 33 1 13.000000 10.000000
39 38 36 35 -1 0.313311 0.000000
40 38 36 35 1 179.870900 0.000000
41 40 38 36 1 14.000000 13.000000
42 41 40 38 1 122.923241 0.000000
43 41 40 38 1 15.000000 14.000000
44 43 41 40 -1 0.189357 0.000000
45 43 41 40 1 179.731340 0.000000
46 45 43 41 1 16.000000 14.000000
47 46 45 43 1 122.247768 0.000000
48 46 45 43 1 17.000000 15.000000
49 48 46 45 -1 0.148781 0.000000
50 48 46 45 -1 179.696305 0.000000
51 50 48 46 1 18.000000 15.000000
52 51 50 48 1 122.263482 0.000000
53 51 50 48 1 19.000000 18.000000
54 53 51 50 -1 0.169046 0.000000
55 53 51 50 1 179.851308 0.000000
56 55 53 51 1 20.000000 19.000000
57 56 55 53 1 122.555677 0.000000
58 56 55 53 1 21.000000 19.000000
59 58 56 55 -1 0.178979 0.000000
60 58 56 55 -1 179.564267 0.000000
61 60 58 56 1 22.000000 20.000000
62 61 60 58 1 122.266504 0.000000
63 61 60 58 1 23.000000 20.000000
64 63 61 60 -1 0.190205 0.000000
65 63 61 60 -1 179.119710 0.000000
66 65 63 61 1 24.000000 23.000000
67 66 65 63 1 122.483595 0.000000
68 66 65 63 1 25.000000 24.000000
69 68 66 65 -1 0.094065 0.000000
70 68 66 65 1 179.065721 0.000000
71 70 68 66 1 26.000000 24.000000
72 71 70 68 1 120.264041 0.000000
73 71 70 68 1 27.000000 25.000000
74 73 71 70 -1 0.017015 0.000000
75 73 71 70 1 179.689862 0.000000
76 75 73 71 1 28.000000 25.000000
77 76 75 73 1 122.359399 0.000000
78 76 75 73 1 29.000000 28.000000
79 78 76 75 1 25.543214 0.000000
80 78 76 75 1 179.561249 0.000000
81 80 78 76 1 30.000000 29.000000
82 81 80 78 1 123.217210 0.000000
83 81 80 78 1 31.000000 29.000000
84 83 81 80 -1 0.015734 0.000000
85 83 81 80 1 179.428713 0.000000
86 85 83 81 1 32.000000 30.000000
87 86 85 83 1 122.258718 0.000000
88 86 85 83 1 33.000000 30.000000
89 88 86 85 1 0.104349 0.000000
90 88 86 85 -1 179.702204 0.000000
91 90 88 86 1 34.000000 33.000000
92 91 90 88 1 120.901572 0.000000
93 91 90 88 1 35.000000 34.000000
94 93 91 90 1 0.057832 0.000000
95 93 91 90 -1 179.860937 0.000000
96 95 93 91 1 36.000000 34.000000
97 96 95 93 1 122.381124 0.000000
98 96 95 93 1 37.000000 35.000000
99 98 96 95 1 0.044788 0.000000
100 98 96 95 -1 179.878513 0.000000
101 100 98 96 1 38.000000 35.000000
102 101 100 98 1 122.332222 0.000000
103 101 100 98 1 39.000000 38.000000
104 103 101 100 -1 0.058076 0.000000
105 103 101 100 -1 179.958276 0.000000
106 105 103 101 1 40.000000 39.000000
107 106 105 103 1 120.295025 0.000000
108 106 105 103 1 41.000000 39.000000
109 108 106 105 1 0.462085 0.000000
110 108 106 105 1 179.828593 0.000000
111 110 108 106 1 42.000000 40.000000
112 111 110 108 1 122.378712 0.000000
113 111 110 108 1 43.000000 40.000000
114 113 111 110 -1 0.159181 0.000000
115 113 111 110 1 179.909684 0.000000
116 115 113 111 1 44.000000 43.000000
117 116 115 113 1 122.290535 0.000000
118 116 115 113 1 45.000000 44.000000
119 118 116 115 -1 0.238466 0.000000
120 118 116 115 1 179.980805 0.000000
121 120 118 116 1 46.000000 44.000000
122 121 120 118 1 122.464643 0.000000
123 121 120 118 1 47.000000 45.000000
124 123 121 120 1 0.035052 0.000000
125 123 121 120 -1 179.903331 0.000000
126 125 123 121 1 48.000000 45.000000
127 126 125 123 1 122.309826 0.000000
