-13.617000 1.381000 0.938000
-13.109000 2.802000 0.163000
-12.336000 2.290000 1.588000
-12.794000 1.974000 0.708000
-11.821000 1.186000 -0.103000
-12.331000 0.656000 -0.893000
-11.057000 0.208000 0.793000
-11.013000 -1.043000 0.421000
-10.283000 -2.043000 1.252000
-9.347000 -2.877000 0.373000
-9.728000 -1.550000 2.034000
-11.460000 -1.324000 -0.404000
-8.082000 -2.554000 0.364000
-7.121000 -3.330000 -0.471000
-6.989000 -4.756000 0.051000
-7.432000 -3.337000 -1.503000
-7.765000 -1.803000 0.907000
-5.908000 -5.403000 -0.273000
-5.712000 -6.804000 0.197000
-4.223000 -7.155000 0.311000
-6.200000 -6.948000 1.144000
-5.231000 -4.964000 -0.829000
-3.386000 -6.591000 -0.520000
-1.933000 -6.930000 -0.435000
-1.052000 -5.733000 -0.800000
-1.689000 -7.282000 0.552000
-3.710000 -5.963000 -1.195000
-0.783000 -4.869000 0.140000
0.084000 -3.699000 -0.154000
1.506000 -4.174000 -0.469000
-0.327000 -3.127000 -0.967000
-1.141000 -4.991000 1.041000
1.865000 -4.232000 -1.723000
3.236000 -4.697000 -2.083000
4.219000 -3.520000 -2.089000
3.567000 -5.457000 -1.394000
1.232000 -3.978000 -2.426000
5.147000 -3.506000 -1.168000
6.137000 -2.395000 -1.116000
6.779000 -2.187000 -2.490000
5.671000 -1.489000 -0.769000
5.192000 -4.226000 -0.507000
6.392000 -1.155000 -3.187000
6.987000 -0.900000 -4.528000
8.362000 -0.249000 -4.367000
7.065000 -1.818000 -5.089000
5.713000 -0.549000 -2.829000
9.001000 0.095000 -5.449000
10.346000 0.726000 -5.342000
10.207000 2.226000 -5.077000
10.920000 0.257000 -4.559000
8.603000 -0.066000 -6.329000
11.200000 2.815000 -4.476000
11.144000 4.276000 -4.184000
12.552000 4.825000 -3.971000
10.659000 4.809000 -4.983000
11.987000 2.293000 -4.215000
12.663000 5.895000 -3.240000
14.007000 6.502000 -2.991000
14.988000 5.456000 -2.454000
14.392000 6.940000 -3.898000
11.859000 6.303000 -2.863000
16.082000 5.905000 -1.913000
17.104000 4.965000 -1.381000
16.635000 4.307000 -0.078000
17.333000 4.221000 -2.118000
16.240000 6.863000 -1.870000
16.857000 3.026000 0.054000
16.451000 2.314000 1.299000
15.045000 2.735000 1.719000
16.467000 1.248000 1.122000
17.304000 2.534000 -0.665000
14.122000 2.764000 0.802000
12.733000 3.162000 1.166000
11.745000 2.721000 0.085000
12.458000 2.737000 2.118000
14.342000 2.521000 -0.119000
11.114000 1.611000 0.337000
10.117000 1.061000 -0.613000
8.805000 1.847000 -0.518000
10.500000 1.071000 -1.621000
11.031000 1.325000 2.419000
7.837000 1.507000 -1.326000
6.529000 2.225000 -1.275000
5.377000 1.219000 -1.365000
6.453000 2.808000 -0.370000
7.967000 0.772000 -1.963000
4.811000 0.838000 -0.252000
3.690000 -0.145000 -0.290000
2.413000 0.530000 -0.806000
3.947000 -0.970000 -0.937000
5.123000 1.194000 0.605000
1.950000 0.122000 -1.954000
0.716000 0.731000 -2.523000
-0.416000 -0.296000 -2.519000
0.433000 1.610000 -1.965000
2.416000 -0.587000 -2.445000
-1.604000 0.107000 -2.868000
-2.740000 -0.857000 -2.877000
-2.698000 -1.712000 -4.146000
-2.710000 -1.482000 -1.998000
-1.751000 1.042000 -3.123000
-2.561000 -3.004000 -4.006000
-2.514000 -3.878000 -5.216000
-3.803000 -4.685000 -5.319000
-2.400000 -3.272000 -6.091000
-2.488000 -3.397000 -3.111000
-4.851000 -4.158000 -4.775000
-6.163000 -4.862000 -4.822000
-7.297000 -3.881000 -4.520000
-6.310000 -5.324000 -5.785000
-4.773000 -3.286000 -4.340000
-8.337000 -3.893000 -5.305000
-9.465000 -2.960000 -5.051000
-10.661000 -3.726000 -4.483000
-9.160000 -2.176000 -4.376000
-8.379000 -4.511000 -6.060000
-10.455000 -4.456000 -3.422000
-11.578000 -5.228000 -2.817000
-12.506000 -4.291000 -2.039000
-12.127000 -5.756000 -3.579000
-9.560000 -4.498000 -3.026000
-13.753000 -4.228000 -2.420000
-14.709000 -3.334000 -1.707000
-14.484000 -3.412000 -0.194000
-14.602000 -2.320000 -2.054000
-14.062000 -4.767000 -3.175000
