8.764000 5.131000 -8.915000
8.813000 6.356000 -7.743000
8.294000 4.795000 -7.318000
8.950000 5.340000 -7.914000
10.353000 4.964000 -7.580000
10.942000 4.931000 -8.484000
10.366000 3.588000 -6.912000
11.270000 2.735000 -7.308000
11.333000 1.379000 -6.701000
11.940000 1.472000 -5.300000
10.338000 0.964000 -6.638000
11.907000 2.984000 -8.008000
11.935000 0.390000 -4.571000
12.511000 0.412000 -3.198000
13.054000 -0.976000 -2.853000
13.311000 1.135000 -3.153000
11.552000 -0.439000 -4.928000
13.451000 -1.726000 -3.844000
13.987000 -3.095000 -3.586000
14.884000 -3.078000 -2.347000
13.164000 -3.775000 -3.420000
13.390000 -1.391000 -4.761000
15.747000 -2.106000 -2.239000
16.645000 -2.039000 -1.057000
16.650000 -0.611000 -0.507000
16.288000 -2.714000 -0.294000
15.806000 -1.421000 -2.935000
17.770000 -0.155000 -0.024000
17.835000 1.227000 0.529000
16.997000 1.300000 1.805000
18.859000 1.475000 0.757000
18.566000 -0.720000 -0.023000
16.764000 0.180000 2.430000
15.955000 0.170000 3.675000
16.786000 -0.420000 4.818000
15.657000 1.178000 3.924000
17.120000 -0.659000 2.076000
17.229000 0.401000 5.729000
18.041000 -0.113000 6.863000
17.924000 0.858000 8.039000
17.677000 -1.085000 7.159000
17.029000 1.356000 5.670000
18.976000 1.027000 8.785000
18.930000 1.963000 9.943000
20.039000 3.004000 9.791000
17.969000 2.457000 9.969000
19.798000 0.542000 8.581000
21.263000 2.564000 9.696000
22.391000 3.522000 9.538000
22.207000 4.291000 8.219000
22.383000 4.221000 10.362000
21.440000 1.601000 9.725000
22.969000 3.979000 7.200000
22.805000 4.683000 5.894000
23.456000 6.067000 5.939000
23.276000 4.098000 5.124000
23.637000 3.275000 7.284000
24.163000 6.379000 6.988000
24.811000 7.704000 7.080000
26.269000 7.595000 6.615000
24.288000 8.412000 6.461000
24.268000 5.745000 7.722000
26.804000 6.407000 6.572000
28.218000 6.243000 6.128000
28.343000 4.977000 5.279000
28.514000 7.100000 5.542000
26.277000 5.623000 6.834000
27.824000 3.882000 5.759000
27.912000 2.613000 4.986000
27.507000 2.866000 3.532000
28.926000 2.241000 5.017000
27.377000 3.893000 6.631000
26.628000 3.802000 3.305000
26.191000 4.092000 1.910000
27.365000 4.658000 1.111000
25.848000 3.181000 1.445000
26.252000 4.313000 4.052000
28.009000 5.673000 1.617000
29.160000 6.257000 0.877000
30.137000 5.141000 0.506000
28.803000 6.734000 -0.023000
27.737000 6.047000 2.481000
30.112000 4.055000 1.231000
31.032000 2.926000 0.908000
30.457000 2.180000 -0.275000
32.011000 3.311000 0.677000
29.483000 3.979000 1.977000
29.269000 1.672000 -0.114000
28.605000 0.961000 -1.210000
28.675000 1.842000 -2.432000
29.077000 0.004000 -1.400000
28.790000 1.787000 0.732000
27.851000 2.847000 -2.445000
27.818000 3.819000 -3.593000
29.194000 3.863000 -4.269000
27.075000 3.502000 -4.313000
27.243000 2.959000 -1.677000
30.242000 3.873000 -3.486000
31.613000 3.863000 -4.068000
31.769000 2.552000 -4.848000
31.744000 4.707000 -4.730000
30.124000 3.853000 -2.514000
31.682000 1.453000 -4.152000
31.775000 0.114000 -4.793000
30.954000 0.103000 -6.085000
32.805000 -0.130000 -5.002000
31.528000 1.509000 -3.192000
29.747000 0.590000 -6.017000
28.862000 0.614000 -7.211000
29.547000 1.369000 -8.355000
28.646000 -0.395000 -7.514000
29.417000 0.931000 -5.169000
30.102000 2.519000 -8.074000
30.778000 3.308000 -9.145000
32.267000 2.990000 -9.154000
30.356000 3.047000 -10.097000
30.070000 2.866000 -7.159000
32.632000 1.941000 -8.496000
34.041000 1.533000 -8.432000
34.324000 0.536000 -9.563000
34.688000 2.387000 -8.527000
31.971000 1.410000 -8.032000
33.935000 -0.698000 -9.389000
34.181000 -1.714000 -10.451000
34.982000 -2.878000 -9.867000
33.234000 -2.077000 -10.826000
33.481000 -0.956000 -8.560000
36.031000 -2.586000 -9.147000
36.850000 -3.677000 -8.548000
38.197000 -3.116000 -8.089000
36.327000 -4.094000 -7.700000
36.279000 -1.650000 -8.999000
38.180000 -2.057000 -7.328000
39.456000 -1.464000 -6.843000
39.405000 -1.343000 -5.315000
40.280000 -2.104000 -7.125000
37.325000 -1.651000 -7.072000
39.881000 -0.257000 -4.765000
39.849000 -0.100000 -3.284000
38.722000 0.860000 -2.896000
39.677000 -1.061000 -2.823000
40.258000 0.453000 -5.323000
38.296000 0.825000 -1.662000
37.200000 1.735000 -1.228000
37.658000 2.541000 -0.012000
36.952000 2.408000 -2.036000
38.696000 0.200000 -1.022000
37.409000 2.042000 1.167000
37.823000 2.776000 2.391000
38.507000 1.812000 3.363000
38.505000 3.571000 2.126000
36.945000 1.186000 1.249000
37.743000 1.166000 4.201000
38.332000 0.217000 5.177000
38.654000 -1.101000 4.473000
39.239000 0.638000 5.586000
36.780000 1.307000 4.192000
37.937000 -1.416000 3.431000
38.200000 -2.689000 2.703000
39.637000 -2.688000 2.193000
38.054000 -3.521000 3.375000
37.225000 -0.815000 3.128000
40.043000 -1.608000 1.593000
41.435000 -1.523000 1.064000
42.430000 -1.877000 2.174000
41.549000 -2.215000 0.242000
39.428000 -0.850000 1.490000
42.049000 -1.694000 3.411000
42.976000 -2.020000 4.534000
42.970000 -3.524000 4.788000
43.972000 -1.689000 4.286000
41.155000 -1.342000 3.601000
41.872000 -4.035000 5.265000
41.781000 -5.496000 5.549000
42.250000 -6.290000 4.326000
42.409000 -5.736000 6.394000
41.102000 -3.452000 5.442000
42.232000 -5.680000 3.173000
42.657000 -6.375000 1.945000
44.168000 -6.204000 1.750000
42.411000 -7.422000 2.010000
41.928000 -4.759000 3.108000
44.900000 -6.049000 2.818000
46.374000 -5.877000 2.690000
47.051000 -6.307000 3.992000
46.738000 -6.495000 1.871000
44.481000 -6.046000 3.702000
46.664000 -7.432000 4.529000
47.285000 -7.906000 5.797000
47.111000 -9.421000 5.918000
48.338000 -7.662000 5.796000
45.964000 -7.965000 4.097000
45.918000 -9.870000 6.201000
45.684000 -11.336000 6.334000
44.882000 -11.838000 5.130000
46.632000 -11.850000 6.375000
45.176000 -9.242000 6.328000
44.024000 -11.016000 4.589000
43.212000 -11.451000 3.417000
43.341000 -10.419000 2.294000
43.569000 -12.410000 3.068000
43.911000 -10.115000 4.956000
