1 0 0 0 0 0.000000 0.000000
2 1 0 0 0 0.000000 0.000000
3 2 1 0 0 0.000000 0.000000
4 3 2 1 -1 35.313943 0.000000
5 4 3 2 -1 120.055302 0.000000
6 5 4 3 0 0.000000 0.000000
7 6 5 4 -1 120.021966 0.000000
8 7 5 6 0 0.000000 0.000000
9 8 7 5 1 179.902775 0.000000
10 9 7 5 1 179.961011 0.000000
11 10 9 7 1 2.000000 1.000000
12 11 10 9 1 119.397079 0.000000
13 11 10 12 0 0.000000 0.000000
14 13 11 10 -1 179.862882 0.000000
15 14 11 10 -1 179.522702 0.000000
16 15 14 11 1 4.000000 3.000000
17 16 15 14 1 118.614027 0.000000
18 16 15 17 0 0.000000 0.000000
19 18 16 15 -1 179.972089 0.000000
20 19 16 15 1 179.332921 0.000000
21 20 19 16 1 6.000000 5.000000
22 21 20 19 1 119.230753 0.000000
23 21 20 22 0 0.000000 0.000000
24 23 21 20 -1 179.942451 0.000000
25 24 21 20 1 179.099822 0.000000
26 25 24 21 1 8.000000 7.000000
27 26 25 24 1 119.504591 0.000000
28 26 25 27 0 0.000000 0.000000
29 28 26 25 1 179.949436 0.000000
30 29 26 25 1 179.642135 0.000000
31 30 29 26 1 10.000000 9.000000
32 31 30 29 1 120.232552 0.000000
33 31 30 32 0 0.000000 0.000000
34 33 31 30 1 179.961887 0.000000
35 34 31 30 -1 179.829519 0.000000
36 35 34 31 1 12.000000 10.000000
37 36 35 34 1 119.098808 0.000000
38 36 35 37 0 0.000000 0.000000
39 38 36 35 -1 179.993947 0.000000
40 39 36 35 -1 179.852577 0.000000
41 40 39 36 1 14.000000 13.000000
42 41 40 39 1 119.756527 0.000000
43 41 40 42 0 0.000000 0.000000
44 43 41 40 1 179.970670 0.000000
45 44 41 40 -1 179.989984 0.000000
46 45 44 41 1 16.000000 14.000000
47 46 45 44 1 119.005204 0.000000
48 46 45 47 0 0.000000 0.000000
49 48 46 45 -1 179.968079 0.000000
50 49 46 45 1 179.994931 0.000000
51 50 49 46 1 18.000000 15.000000
52 51 50 49 1 119.608303 0.000000
53 51 50 52 0 0.000000 0.000000
54 53 51 50 -1 179.999860 0.000000
55 54 51 50 1 179.995365 0.000000
56 55 54 51 1 20.000000 19.000000
57 56 55 54 1 119.706742 0.000000
58 56 55 57 0 0.000000 0.000000
59 58 56 55 1 179.917532 0.000000
60 59 56 55 -1 179.982133 0.000000
61 60 59 56 1 22.000000 20.000000
62 61 60 59 1 119.751501 0.000000
63 61 60 62 0 0.000000 0.000000
64 63 61 60 -1 179.991540 0.000000
65 64 61 60 1 179.954038 0.000000
66 65 64 61 1 24.000000 23.000000
67 66 65 64 1 119.750129 0.000000
68 66 65 67 0 0.000000 0.000000
69 68 66 65 1 179.922490 0.000000
70 69 66 65 1 179.913447 0.000000
71 70 69 66 1 26.000000 24.000000
72 71 70 69 1 119.763287 0.000000
73 71 70 72 0 0.000000 0.000000
74 73 71 70 -1 179.939483 0.000000
75 74 71 70 1 179.876751 0.000000
76 75 74 71 1 28.000000 25.000000
77 76 75 74 1 119.478640 0.000000
