-11.690000 4.576000 0.263000
-11.754000 3.484000 -1.037000
-12.882000 4.750000 -0.930000
-12.321000 4.065000 -0.385000
-13.235000 3.186000 0.399000
-13.302000 3.551000 1.412000
-12.690000 1.762000 0.404000
-11.425000 2.204000 -1.084000
-11.133000 0.168000 -0.569000
-11.733000 1.496000 -0.480000
-11.068000 -0.253000 0.422000
-9.733000 0.257000 -1.154000
-10.463000 0.165000 -3.015000
-8.355000 0.303000 -3.140000
-9.647000 0.234000 -2.478000
-7.777000 -0.561000 -2.850000
-7.610000 1.559000 -2.704000
-9.338000 2.511000 -2.360000
-7.752000 3.835000 -1.890000
-8.362000 2.591000 -2.338000
-7.159000 4.245000 -2.693000
-6.847000 3.560000 -0.697000
-8.148000 2.208000 0.002000
-6.507000 2.281000 1.339000
-7.287000 2.650000 0.166000
-5.987000 3.152000 1.710000
-5.486000 1.218000 0.955000
-6.493000 0.862000 -0.733000
-4.817000 -0.427000 -0.710000
-5.709000 0.607000 -0.203000
-4.403000 -0.981000 0.118000
-3.687000 0.206000 -1.511000
-4.975000 1.498000 -2.333000
-3.052000 1.905000 -3.123000
-4.036000 1.215000 -2.301000
-2.461000 1.167000 -3.644000
-2.132000 2.752000 -2.246000
-3.551000 2.901000 -0.838000
-1.850000 3.972000 -0.163000
-2.636000 3.155000 -1.082000
-1.292000 4.700000 -0.731000
-0.873000 3.105000 0.627000
-1.949000 1.466000 0.224000
-0.293000 0.879000 1.404000
-1.151000 1.807000 0.680000
0.131000 1.388000 2.257000
0.846000 0.411000 0.500000
-0.416000 0.259000 -1.040000
1.510000 -0.309000 -1.721000
0.515000 0.146000 -0.756000
2.152000 -1.032000 -1.245000
2.359000 0.861000 -2.209000
0.949000 2.156000 -1.637000
2.549000 3.267000 -2.476000
1.833000 2.069000 -2.049000
2.917000 3.117000 -3.478000
3.730000 3.542000 -1.550000
4.436000 1.694000 -1.851000
5.758000 2.685000 -0.525000
4.590000 2.543000 -1.386000
6.321000 3.552000 -0.838000
6.649000 1.452000 -0.623000
5.719000 0.619000 0.940000
7.212000 -0.734000 0.283000
6.426000 0.496000 0.273000
6.862000 -1.365000 1.085000
8.691000 -0.431000 0.501000
8.324000 1.538000 0.530000
10.406000 1.260000 0.811000
9.022000 0.853000 0.600000
10.799000 0.735000 1.668000
10.493000 2.761000 1.068000
10.686000 2.445000 3.034000
10.738000 4.539000 2.710000
10.640000 3.132000 2.337000
11.162000 5.093000 1.885000
11.644000 4.701000 3.928000
