1 0 0 0 0 0.000000 0.000000
2 1 0 0 0 0.000000 0.000000
3 2 1 0 0 0.000000 0.000000
4 3 2 1 1 36.200493 0.000000
5 4 3 2 1 120.694344 0.000000
6 5 4 3 0 0.000000 0.000000
7 6 5 4 -1 119.690046 0.000000
8 7 5 6 0 0.000000 0.000000
9 8 7 5 1 179.933404 0.000000
10 9 7 5 1 178.687637 0.000000
11 10 9 8 0 0.000000 0.000000
12 11 10 9 -1 118.372897 0.000000
13 12 10 11 0 0.000000 0.000000
14 13 12 10 1 179.987082 0.000000
15 14 12 10 -1 179.281972 0.000000
16 15 14 13 0 0.000000 0.000000
17 16 15 14 -1 115.958985 0.000000
18 17 15 16 0 0.000000 0.000000
19 18 17 15 -1 179.871520 0.000000
20 19 17 15 -1 177.615125 0.000000
21 20 19 18 0 0.000000 0.000000
22 21 20 19 -1 122.467495 0.000000
23 22 20 21 0 0.000000 0.000000
24 23 22 20 1 179.990807 0.000000
25 24 22 20 1 179.616392 0.000000
26 25 24 23 0 0.000000 0.000000
27 26 25 24 -1 117.858934 0.000000
28 27 25 26 0 0.000000 0.000000
29 28 27 25 1 179.880106 0.000000
30 29 27 25 -1 179.602295 0.000000
31 30 29 28 0 0.000000 0.000000
32 31 30 29 -1 120.908230 0.000000
33 32 30 31 0 0.000000 0.000000
34 33 32 30 1 179.912142 0.000000
35 34 32 30 1 179.401804 0.000000
36 35 34 33 0 0.000000 0.000000
37 36 35 34 -1 120.101315 0.000000
38 37 35 36 0 0.000000 0.000000
39 38 37 35 -1 179.740919 0.000000
40 39 37 35 1 179.721161 0.000000
41 40 39 38 0 0.000000 0.000000
42 41 40 39 -1 122.667901 0.000000
43 42 40 41 0 0.000000 0.000000
44 43 42 40 -1 179.686676 0.000000
45 44 42 40 1 179.145580 0.000000
46 45 44 43 0 0.000000 0.000000
47 46 45 44 -1 121.841928 0.000000
48 47 45 46 0 0.000000 0.000000
49 48 47 45 1 179.948013 0.000000
50 49 47 45 1 178.944108 0.000000
51 50 49 48 0 0.000000 0.000000
52 51 50 49 -1 124.249609 0.000000
53 52 50 51 0 0.000000 0.000000
54 53 52 50 -1 179.921768 0.000000
55 54 52 50 1 179.061206 0.000000
56 55 54 53 0 0.000000 0.000000
57 56 55 54 -1 120.560892 0.000000
58 57 55 56 0 0.000000 0.000000
59 58 57 55 -1 179.980201 0.000000
60 59 57 55 1 178.581926 0.000000
61 60 59 58 0 0.000000 0.000000
62 61 60 59 -1 116.823472 0.000000
63 62 60 61 0 0.000000 0.000000
64 63 62 60 -1 179.902290 0.000000
65 64 62 60 -1 178.370798 0.000000
66 65 64 63 0 0.000000 0.000000
67 66 65 64 -1 118.645499 0.000000
68 67 65 66 0 0.000000 0.000000
69 68 67 65 1 179.963221 0.000000
70 69 67 65 1 179.736317 0.000000
71 70 69 68 0 0.000000 0.000000
72 71 70 69 -1 120.792661 0.000000
73 72 70 71 0 0.000000 0.000000
74 73 72 70 -1 179.927077 0.000000
75 74 72 70 1 177.563729 0.000000
76 75 74 73 0 0.000000 0.000000
77 76 75 74 -1 115.025396 0.000000
78 77 75 76 0 0.000000 0.000000
79 78 77 75 -1 179.911426 0.000000
80 79 77 75 -1 177.003967 0.000000
81 80 79 78 0 0.000000 0.000000
82 81 80 79 -1 121.184186 0.000000
83 82 80 81 0 0.000000 0.000000
84 83 82 80 1 179.899875 0.000000
85 84 82 80 -1 179.993341 0.000000
86 85 84 83 0 0.000000 0.000000
87 86 85 84 -1 118.614900 0.000000
