-14.434000 0.885000 -2.035000
-15.186000 1.479000 -0.639000
-14.044000 0.236000 -0.523000
-14.294000 1.109000 -1.029000
-13.198000 2.131000 -0.872000
-13.359000 2.861000 -1.656000
-11.787000 1.526000 -1.118000
-10.946000 2.316000 -1.897000
-9.540000 1.987000 -2.259000
-8.592000 3.140000 -1.835000
-9.266000 1.110000 -1.685000
-11.297000 3.174000 -2.226000
-7.489000 2.727000 -1.094000
-6.408000 3.621000 -0.533000
-5.049000 2.871000 -0.556000
-6.309000 4.433000 -1.248000
-7.400000 1.766000 -0.903000
-4.060000 3.502000 -1.303000
-2.671000 2.984000 -1.543000
-1.649000 3.467000 -0.480000
-2.717000 1.907000 -1.504000
-4.296000 4.352000 -1.743000
-0.666000 2.531000 -0.159000
0.460000 2.732000 0.835000
1.786000 2.100000 0.316000
0.627000 3.806000 0.863000
-0.694000 1.661000 -0.617000
2.904000 2.929000 0.401000
4.293000 2.569000 -0.036000
5.344000 2.808000 1.093000
4.286000 1.512000 -0.272000
2.779000 3.831000 0.771000
6.373000 1.868000 1.126000
7.533000 1.852000 2.096000
8.891000 2.042000 1.356000
7.398000 2.686000 2.772000
6.355000 1.149000 0.456000
9.863000 2.762000 2.066000
11.270000 3.085000 1.582000
12.218000 1.822000 1.466000
11.166000 3.506000 0.594000
9.615000 3.082000 2.965000
11.808000 0.667000 2.159000
12.533000 -0.665000 2.186000
12.446000 -1.442000 0.836000
13.575000 -0.447000 2.370000
10.965000 0.725000 2.658000
11.219000 -1.380000 0.153000
10.943000 -2.032000 -1.156000
9.745000 -2.977000 -1.134000
10.760000 -1.265000 -1.892000
10.496000 -0.855000 0.566000
8.519000 -2.396000 -0.792000
7.191000 -3.112000 -0.720000
6.041000 -2.246000 -1.316000
7.278000 -4.012000 -1.310000
8.510000 -1.433000 -0.593000
5.079000 -2.962000 -2.036000
3.855000 -2.377000 -2.686000
2.655000 -3.353000 -2.498000
3.621000 -1.471000 -2.135000
5.196000 -3.935000 -2.111000
1.606000 -2.834000 -1.735000
0.318000 -3.558000 -1.350000
-0.842000 -2.555000 -1.084000
0.031000 -4.132000 -2.223000
1.707000 -1.918000 -1.389000
-2.090000 -2.947000 -1.575000
-3.369000 -2.155000 -1.441000
-4.060000 -2.388000 -0.067000
-3.102000 -1.109000 -1.505000
-2.149000 -3.808000 -2.044000
-4.655000 -1.252000 0.481000
-5.419000 -1.212000 1.749000
-6.921000 -0.999000 1.385000
-5.328000 -2.196000 2.197000
-4.595000 -0.415000 -0.029000
-7.701000 -2.146000 1.527000
-9.158000 -2.256000 1.190000
-9.990000 -2.850000 2.362000
-9.513000 -1.254000 0.995000
-7.258000 -2.969000 1.836000
-11.263000 -2.299000 2.512000
-12.276000 -2.696000 3.572000
-13.685000 -2.931000 2.965000
-11.943000 -3.661000 3.936000
-11.534000 -1.593000 1.884000
