-7.273000 -0.879000 4.933000
-7.214000 -2.365000 4.112000
-5.778000 -1.527000 4.462000
-6.778000 -1.424000 4.200000
-6.878000 -0.708000 2.896000
-7.677000 -1.140000 2.309000
-5.557000 -0.840000 2.138000
-5.452000 -0.212000 0.999000
-4.189000 -0.302000 0.213000
-6.203000 0.317000 0.660000
-3.197000 0.744000 0.717000
-3.763000 -1.288000 0.328000
-2.287000 0.349000 1.560000
-1.287000 1.320000 2.084000
-2.259000 -0.588000 1.846000
-0.301000 1.677000 0.964000
-1.795000 2.207000 2.427000
-0.311000 2.922000 0.557000
0.579000 3.407000 -0.513000
-0.977000 4.125000 2.167000
2.002000 3.580000 0.021000
0.567000 2.732000 -1.353000
2.168000 3.542000 1.315000
3.531000 3.694000 1.893000
1.397000 3.406000 1.904000
4.420000 2.567000 1.368000
3.944000 4.648000 1.600000
3.881000 1.383000 1.261000
4.684000 0.239000 0.748000
2.944000 1.248000 1.514000
4.218000 -0.101000 -0.669000
5.729000 0.510000 0.729000
3.014000 0.272000 -1.008000
2.498000 -0.018000 -2.375000
2.450000 0.749000 -0.363000
1.780000 -1.368000 -2.385000
1.808000 0.760000 -2.670000
1.127000 -1.719000 -1.310000
0.411000 -3.025000 -1.274000
1.108000 -1.125000 -0.531000
-0.641000 -3.013000 -0.162000
-0.073000 -3.195000 -2.224000
-1.545000 -3.955000 -0.184000
-2.598000 -4.011000 0.868000
-1.532000 -4.627000 -0.892000
-1.960000 -4.395000 2.205000
-3.075000 -3.047000 0.957000
-1.844000 -3.461000 3.109000
-1.229000 -3.774000 4.431000
-2.159000 -2.553000 2.918000
-1.877000 -5.031000 5.014000
-0.169000 -3.939000 4.305000
