1.396000 -4.845000 -10.111000
1.680000 -5.696000 -8.668000
0.330000 -6.074000 -9.623000
1.324000 -5.770000 -9.642000
2.139000 -6.771000 -10.393000
2.584000 -6.283000 -11.248000
1.242000 -7.918000 -10.889000
2.847000 -8.934000 -11.476000
1.108000 -10.116000 -11.931000
1.870000 -8.940000 -11.418000
0.841000 -11.023000 -10.735000
0.171000 -9.788000 -12.359000
-1.041000 -10.392000 -10.670000
-0.754000 -11.835000 -9.091000
-0.376000 -10.983000 -10.259000
-0.620000 -13.317000 -9.489000
-0.071000 -11.636000 -8.278000
-0.714000 -12.770000 -11.387000
-0.505000 -14.890000 -11.393000
-0.625000 -13.535000 -10.782000
-0.640000 -14.710000 -12.912000
0.471000 -15.296000 -11.165000
1.309000 -14.938000 -13.152000
0.451000 -14.621000 -15.110000
0.462000 -14.780000 -13.616000
-0.493000 -13.484000 -15.567000
1.454000 -14.380000 -15.430000
0.611000 -12.211000 -14.541000
-0.962000 -11.051000 -15.441000
-0.177000 -12.293000 -15.117000
-2.496000 -11.247000 -15.475000
-0.748000 -10.324000 -14.672000
-2.366000 -12.566000 -13.993000
-4.428000 -12.407000 -14.505000
-2.970000 -12.101000 -14.604000
-5.272000 -11.163000 -14.200000
-4.752000 -12.823000 -15.448000
-6.837000 -12.041000 -15.048000
-7.466000 -10.107000 -14.366000
-6.517000 -11.235000 -14.595000
-7.833000 -10.058000 -12.873000
-6.983000 -9.185000 -14.651000
-8.343000 -8.136000 -13.020000
-8.644000 -8.759000 -10.986000
-8.263000 -8.908000 -12.420000
-8.455000 -7.313000 -10.538000
-9.679000 -9.042000 -10.863000
-10.246000 -6.883000 -11.256000
-9.436000 -5.064000 -10.419000
-9.461000 -6.516000 -10.799000
-9.131000 -4.901000 -8.912000
-8.656000 -4.573000 -10.985000
-9.868000 -6.713000 -8.642000
-9.272000 -6.029000 -6.709000
-9.465000 -5.944000 -8.187000
-10.226000 -5.079000 -5.963000
-9.492000 -7.043000 -6.407000
-9.079000 -3.508000 -6.365000
-10.749000 -2.798000 -5.231000
-9.899000 -3.811000 -5.929000
-10.823000 -1.493000 -6.044000
-11.754000 -3.180000 -5.124000
-11.592000 -0.606000 -4.460000
-11.466000 0.879000 -6.014000
-11.316000 -0.471000 -5.388000
-10.105000 1.474000 -6.401000
-12.048000 0.769000 -6.914000
-9.717000 1.875000 -4.504000
-8.020000 2.537000 -5.680000
-9.370000 1.932000 -5.417000
-6.959000 2.010000 -4.721000
-7.704000 2.231000 -6.657000
-8.348000 1.002000 -3.779000
-6.429000 0.626000 -2.800000
-7.393000 1.206000 -3.792000
-5.471000 -0.263000 -3.613000
-5.858000 1.425000 -2.347000
-6.851000 -0.469000 -5.032000
-5.134000 -1.561000 -5.655000
-5.944000 -0.702000 -4.755000
-3.884000 -0.768000 -6.058000
-4.832000 -2.438000 -5.111000
-4.986000 0.872000 -6.324000
-2.947000 1.357000 -6.777000
-4.087000 0.489000 -6.368000
-2.043000 1.543000 -5.550000
-2.393000 0.860000 -7.561000
-3.615000 1.846000 -4.380000
-1.848000 1.976000 -3.155000
-2.639000 1.785000 -4.409000
-0.890000 0.768000 -2.992000
-1.261000 2.878000 -3.247000
-2.405000 -0.480000 -3.205000
-0.627000 -1.663000 -2.930000
-1.443000 -0.416000 -3.065000
0.466000 -1.676000 -4.003000
-0.149000 -1.670000 -1.968000
-0.862000 -1.169000 -5.385000
1.043000 -1.340000 -6.355000
0.078000 -1.373000 -5.215000
2.232000 -0.445000 -5.949000
1.399000 -2.343000 -6.539000
0.992000 1.006000 -5.453000
3.000000 1.708000 -5.073000
1.933000 0.748000 -5.501000
3.939000 1.042000 -4.058000
3.587000 1.983000 -5.937000
2.404000 0.355000 -3.038000
4.235000 -0.307000 -2.051000
3.379000 0.380000 -3.080000
5.171000 -1.306000 -2.756000
4.843000 0.437000 -1.556000
3.615000 -2.036000 -3.727000
5.333000 -3.148000 -4.384000
4.581000 -2.114000 -3.603000
6.542000 -2.478000 -5.041000
5.676000 -3.915000 -3.708000
5.282000 -1.180000 -5.788000
7.213000 -0.597000 -6.485000
6.225000 -1.430000 -5.744000
8.337000 -0.119000 -5.550000
7.649000 -1.197000 -7.268000
6.946000 0.583000 -4.357000
8.849000 1.030000 -3.443000
7.911000 0.488000 -4.475000
9.887000 -0.014000 -3.023000
9.355000 1.895000 -3.847000
8.416000 -1.258000 -2.593000
10.294000 -2.258000 -2.169000
9.388000 -1.150000 -2.609000
11.151000 -2.767000 -3.338000
10.947000 -1.876000 -1.404000
9.517000 -2.974000 -4.425000
11.127000 -3.593000 -5.667000
10.484000 -3.079000 -4.419000
12.415000 -2.861000 -6.022000
11.390000 -4.626000 -5.503000
11.521000 -1.133000 -5.683000
13.537000 -0.687000 -6.245000
12.362000 -1.558000 -5.939000
14.876000 -1.307000 -5.790000
13.579000 -0.547000 -7.318000
14.065000 -2.005000 -4.109000
16.143000 -2.565000 -4.130000
14.884000 -1.937000 -4.639000
16.602000 -3.647000 -5.120000
16.909000 -1.811000 -4.031000
14.862000 -4.580000 -4.898000
16.066000 -5.716000 -6.296000
15.733000 -4.602000 -5.349000
16.392000 -5.149000 -7.683000
16.939000 -6.234000 -5.927000
14.905000 -3.873000 -7.487000
15.791000 -3.497000 -9.393000
15.621000 -4.172000 -8.076000
17.240000 -3.013000 -9.527000
15.608000 -4.219000 -10.175000
17.123000 -2.001000 -7.819000
19.109000 -1.744000 -8.621000
17.701000 -2.250000 -8.568000
20.060000 -2.937000 -8.774000
19.214000 -1.117000 -9.490000
19.115000 -3.881000 -7.313000
20.714000 -5.161000 -8.027000
19.847000 -3.942000 -7.961000
20.753000 -5.696000 -9.467000
21.718000 -4.899000 -7.721000
18.778000 -5.626000 -9.559000
19.496000 -6.357000 -11.456000
19.592000 -5.847000 -10.052000
20.284000 -5.451000 -12.417000
19.936000 -7.343000 -11.486000
19.413000 -3.847000 -11.642000
20.767000 -3.169000 -13.182000
20.059000 -4.162000 -12.307000
22.280000 -3.414000 -13.115000
20.438000 -3.308000 -14.199000
22.137000 -3.409000 -11.151000
24.207000 -3.757000 -11.636000
22.756000 -3.511000 -11.900000
24.620000 -5.072000 -12.328000
24.782000 -2.943000 -12.056000
23.137000 -6.007000 -11.406000
24.135000 -7.462000 -12.614000
23.880000 -6.111000 -12.032000
24.145000 -8.500000 -11.489000
23.345000 -7.695000 -13.312000
23.098000 -9.752000 -12.618000
23.466000 -10.721000 -10.728000
23.527000 -9.626000 -11.747000
24.878000 -11.186000 -10.347000
22.957000 -10.359000 -9.846000
25.388000 -11.148000 -12.261000
27.112000 -11.778000 -11.161000
25.700000 -11.332000 -11.356000
28.023000 -10.534000 -11.128000
27.186000 -12.287000 -10.216000
26.557000 -9.524000 -10.259000
28.215000 -8.172000 -10.478000
27.477000 -9.471000 -10.593000
27.956000 -7.566000 -9.084000
29.275000 -8.354000 -10.590000
