1 0 0 0 0 0.000000 0.000000
2 1 0 0 0 0.000000 0.000000
3 2 1 0 0 0.000000 0.000000
4 3 2 1 -1 35.312804 0.000000
5 4 3 2 -1 119.935746 0.000000
6 5 4 3 0 0.000000 0.000000
7 6 5 4 -1 122.282389 0.000000
8 7 5 4 1 122.612798 20.000000
9 8 7 5 1 179.840106 0.000000
10 9 8 7 -1 145.182884 20.000000
11 9 8 7 -1 179.586061 0.000000
12 10 9 8 1 120.797825 0.000000
13 10 9 8 -1 76.565886 20.000000
14 13 10 9 1 179.969707 0.000000
15 14 13 10 1 176.464567 20.000000
16 14 13 10 -1 179.592948 0.000000
17 15 14 13 1 121.379354 0.000000
18 15 14 13 1 57.805387 20.000000
19 18 15 14 -1 179.898757 0.000000
20 19 18 15 -1 148.400804 20.000000
21 19 18 15 1 179.984621 0.000000
22 20 19 18 1 121.844750 0.000000
23 20 19 18 -1 130.966623 20.000000
24 23 20 19 1 179.099212 0.000000
25 24 23 20 -1 97.900157 20.000000
26 24 23 20 -1 179.241957 0.000000
27 25 24 23 1 119.733704 0.000000
28 25 24 23 1 7.921118 20.000000
29 28 25 24 -1 179.908580 0.000000
30 29 28 25 -1 79.213547 20.000000
31 29 28 25 1 179.724910 0.000000
32 30 29 28 1 122.064225 0.000000
33 30 29 28 -1 18.950962 20.000000
34 33 30 29 -1 179.679603 0.000000
35 34 33 30 -1 86.776162 20.000000
36 34 33 30 -1 179.984044 0.000000
37 35 34 33 1 122.308590 0.000000
38 35 34 33 -1 7.079563 20.000000
39 38 35 34 1 179.046333 0.000000
40 39 38 35 -1 91.794857 20.000000
41 39 38 35 -1 178.242092 0.000000
42 40 39 38 1 120.549696 0.000000
43 40 39 38 -1 12.988848 20.000000
44 43 40 39 1 179.119164 0.000000
45 44 43 40 -1 92.093178 20.000000
46 44 43 40 -1 178.943533 0.000000
47 45 44 43 1 122.425111 0.000000
48 45 44 43 -1 75.043807 20.000000
49 48 45 44 1 179.579385 0.000000
50 49 48 45 -1 154.367920 20.000000
51 49 48 45 -1 179.285786 0.000000
52 50 49 48 1 120.872460 0.000000
