-2.094000 -4.045000 8.161000
-0.497000 -3.710000 7.688000
-1.642000 -2.457000 7.771000
-1.497000 -3.461000 7.542000
-1.865000 -3.705000 6.117000
-1.145000 -3.248000 5.457000
-3.270000 -3.166000 5.833000
-3.385000 -2.227000 4.932000
-2.610000 -1.902000 4.473000
-4.707000 -1.664000 4.605000
-4.851000 -1.462000 3.093000
-5.458000 -2.318000 4.964000
-4.224000 -0.447000 2.550000
-3.683000 0.147000 3.105000
-4.322000 -0.194000 1.082000
-3.570000 1.091000 0.718000
-3.917000 -1.028000 0.540000
-2.292000 1.131000 0.983000
-1.856000 0.361000 1.395000
-1.489000 2.345000 0.662000
-0.065000 1.911000 0.298000
-1.940000 2.897000 -0.148000
0.933000 2.460000 0.942000
0.764000 3.130000 1.634000
2.329000 2.051000 0.632000
2.879000 1.207000 1.787000
2.336000 1.468000 -0.278000
2.082000 0.973000 2.797000
1.182000 1.328000 2.803000
2.546000 0.167000 3.949000
2.359000 -1.314000 3.675000
3.548000 0.386000 4.153000
1.397000 -1.603000 2.877000
0.867000 -0.887000 2.504000
1.080000 -2.993000 2.515000
1.910000 -3.407000 1.294000
1.275000 -3.644000 3.306000
2.533000 -2.459000 0.661000
2.465000 -1.534000 0.982000
3.377000 -2.772000 -0.520000
4.832000 -2.982000 -0.074000
3.044000 -3.655000 -0.986000
5.138000 -2.601000 1.129000
4.449000 -2.206000 1.696000
6.524000 -2.786000 1.650000
6.663000 -4.162000 2.308000
7.245000 -2.673000 0.855000
6.119000 -4.327000 3.485000
5.648000 -3.600000 3.906000
6.206000 -5.630000 4.174000
5.043000 -5.792000 5.156000
6.193000 -6.409000 3.452000
