1 0 0 0 0 0.000000 0.000000
2 1 0 0 0 0.000000 0.000000
3 2 1 0 0 0.000000 0.000000
4 3 2 1 1 33.886997 0.000000
5 4 3 2 1 117.507782 0.000000
6 5 4 3 0 0.000000 0.000000
7 6 5 4 -1 117.169821 0.000000
8 7 5 6 0 0.000000 0.000000
9 8 7 5 -1 174.954836 0.000000
10 9 7 5 -1 170.524576 0.000000
11 10 9 8 0 0.000000 0.000000
12 11 10 9 -1 122.789476 0.000000
13 12 10 11 0 0.000000 0.000000
14 13 12 10 1 178.511440 0.000000
15 14 12 10 -1 168.084456 0.000000
16 15 14 13 0 0.000000 0.000000
17 16 15 14 -1 123.227096 0.000000
18 17 15 16 0 0.000000 0.000000
19 18 17 15 -1 175.979333 0.000000
20 19 17 15 1 165.570353 0.000000
21 20 19 18 0 0.000000 0.000000
22 21 20 19 -1 118.853705 0.000000
23 22 20 21 0 0.000000 0.000000
24 23 22 20 -1 179.792493 0.000000
25 24 22 20 -1 172.014529 0.000000
26 25 24 23 0 0.000000 0.000000
27 26 25 24 -1 122.384620 0.000000
28 27 25 26 0 0.000000 0.000000
29 28 27 25 1 175.680263 0.000000
30 29 27 25 1 173.028865 0.000000
31 30 29 28 0 0.000000 0.000000
32 31 30 29 -1 119.776946 0.000000
33 32 30 31 0 0.000000 0.000000
34 33 32 30 1 179.339948 0.000000
35 34 32 30 1 176.077994 0.000000
36 35 34 33 0 0.000000 0.000000
37 36 35 34 -1 117.989583 0.000000
38 37 35 36 0 0.000000 0.000000
39 38 37 35 1 176.471856 0.000000
40 39 37 35 1 175.198741 0.000000
41 40 39 38 0 0.000000 0.000000
42 41 40 39 -1 116.045711 0.000000
43 42 40 41 0 0.000000 0.000000
44 43 42 40 -1 177.434911 0.000000
45 44 42 40 -1 167.398582 0.000000
46 45 44 43 0 0.000000 0.000000
47 46 45 44 -1 125.539551 0.000000
48 47 45 46 0 0.000000 0.000000
49 48 47 45 1 170.528437 0.000000
50 49 47 45 1 159.002390 0.000000
51 50 49 48 0 0.000000 0.000000
52 51 50 49 -1 119.785704 0.000000
53 52 50 51 0 0.000000 0.000000
54 53 52 50 -1 164.500828 0.000000
55 54 52 50 -1 175.698250 0.000000
56 55 54 53 0 0.000000 0.000000
57 56 55 54 -1 119.389504 0.000000
58 57 55 56 0 0.000000 0.000000
59 58 57 55 -1 177.416028 0.000000
60 59 57 55 -1 178.692346 0.000000
61 60 59 58 0 0.000000 0.000000
62 61 60 59 -1 119.783854 0.000000
63 62 60 61 0 0.000000 0.000000
64 63 62 60 -1 163.528538 0.000000
65 64 62 60 -1 178.006541 0.000000
66 65 64 63 0 0.000000 0.000000
67 66 65 64 -1 118.328218 0.000000
68 67 65 66 0 0.000000 0.000000
69 68 67 65 -1 173.912131 0.000000
70 69 67 65 1 173.059446 0.000000
71 70 69 68 0 0.000000 0.000000
72 71 70 69 -1 116.212980 0.000000
73 72 70 71 0 0.000000 0.000000
74 73 72 70 1 178.875135 0.000000
75 74 72 70 1 175.503769 0.000000
76 75 74 73 0 0.000000 0.000000
77 76 75 74 -1 119.121588 0.000000
78 77 75 76 0 0.000000 0.000000
79 78 77 75 -1 177.980584 0.000000
80 79 77 75 1 179.601050 0.000000
81 80 79 78 0 0.000000 0.000000
82 81 80 79 -1 121.373242 0.000000
83 82 80 81 0 0.000000 0.000000
84 83 82 80 1 174.796130 0.000000
85 84 82 80 1 175.290413 0.000000
86 85 84 83 0 0.000000 0.000000
87 86 85 84 -1 119.368295 0.000000
88 87 85 86 0 0.000000 0.000000
89 88 87 85 -1 179.886622 0.000000
90 89 87 85 1 178.685171 0.000000
91 90 89 88 0 0.000000 0.000000
92 91 90 89 -1 119.925925 0.000000
93 92 90 91 0 0.000000 0.000000
94 93 92 90 1 179.577241 0.000000
95 94 92 90 -1 173.960280 0.000000
96 95 94 93 0 0.000000 0.000000
97 96 95 94 -1 119.496825 0.000000
98 97 95 96 0 0.000000 0.000000
99 98 97 95 1 178.576930 0.000000
100 99 97 95 1 174.907734 0.000000
101 100 99 98 0 0.000000 0.000000
102 101 100 99 -1 118.095218 0.000000
