-15.095000 1.759000 -2.034000
-13.613000 1.895000 -2.767000
-13.711000 2.007000 -1.139000
-14.108000 1.558000 -1.953000
-13.887000 0.105000 -1.833000
-14.427000 -0.253000 -0.957000
-12.401000 -0.126000 -1.624000
-12.029000 -1.085000 -0.774000
-10.645000 -1.253000 -0.350000
-12.681000 -1.719000 -0.327000
-10.298000 -0.287000 0.016000
-9.715000 -1.709000 -1.482000
-10.267000 -2.274000 -2.566000
-9.535000 -2.983000 -3.617000
-11.268000 -2.385000 -2.550000
-8.945000 -3.750000 -3.125000
-8.527000 -2.135000 -4.404000
-8.465000 -0.819000 -4.182000
-7.361000 0.004000 -4.640000
-9.041000 -0.440000 -3.447000
-6.985000 -0.361000 -5.596000
-6.256000 -0.068000 -3.595000
-6.448000 0.620000 -2.467000
-5.398000 0.769000 -1.470000
-7.298000 1.149000 -2.344000
-4.537000 1.107000 -2.023000
-4.958000 -0.525000 -0.778000
-5.789000 -1.572000 -0.691000
-5.311000 -2.854000 -0.165000
-6.751000 -1.495000 -1.017000
-4.819000 -2.645000 0.786000
-4.260000 -3.488000 -1.092000
-4.177000 -3.031000 -2.351000
-3.196000 -3.450000 -3.343000
-4.813000 -2.297000 -2.649000
-2.715000 -4.358000 -2.982000
-2.106000 -2.380000 -3.469000
-2.443000 -1.086000 -3.422000
-1.519000 0.016000 -3.429000
-3.396000 -0.792000 -3.366000
-0.651000 -0.277000 -4.016000
-1.061000 0.240000 -2.001000
-1.688000 1.164000 -1.277000
-1.266000 1.718000 -0.001000
-2.454000 1.606000 -1.742000
-0.343000 2.273000 -0.167000
-1.000000 0.705000 1.107000
-1.319000 -0.582000 0.918000
-0.718000 -1.649000 1.693000
-1.885000 -0.814000 0.103000
-0.559000 -1.234000 2.682000
0.638000 -2.074000 1.111000
0.675000 -2.605000 -0.120000
1.900000 -3.124000 -0.726000
-0.114000 -2.476000 -0.746000
2.278000 -3.946000 -0.117000
2.937000 -2.015000 -0.782000
2.517000 -0.817000 -1.198000
3.375000 0.336000 -1.336000
1.530000 -0.679000 -1.415000
4.205000 0.039000 -1.976000
3.921000 0.772000 0.033000
3.256000 0.413000 1.141000
3.646000 0.798000 2.498000
2.601000 -0.361000 1.062000
4.106000 1.786000 2.481000
4.676000 -0.187000 3.006000
4.415000 -1.470000 2.765000
5.348000 -2.534000 3.045000
3.618000 -1.660000 2.180000
5.609000 -2.514000 4.105000
6.600000 -2.248000 2.231000
6.448000 -1.893000 0.949000
7.572000 -1.504000 0.105000
5.494000 -1.851000 0.574000
8.263000 -2.353000 0.043000
8.308000 -0.322000 0.735000
7.578000 0.708000 1.181000
8.191000 1.883000 1.808000
6.558000 0.654000 1.118000
9.026000 2.202000 1.183000
8.799000 1.584000 3.191000
8.635000 0.365000 3.717000
9.221000 -0.116000 4.962000
8.038000 -0.299000 3.232000
9.822000 0.689000 5.390000
10.195000 -1.289000 4.703000
10.350000 -1.734000 3.449000
11.237000 -2.804000 3.011000
9.833000 -1.298000 2.696000
11.627000 -3.362000 3.864000
12.421000 -2.204000 2.257000
12.190000 -1.108000 1.521000
13.192000 -0.514000 0.658000
11.252000 -0.722000 1.482000
13.578000 -1.327000 0.054000
14.345000 0.080000 1.472000
15.538000 0.030000 0.882000
16.787000 0.596000 1.352000
15.674000 -0.395000 -0.032000
16.651000 1.646000 1.608000
17.801000 0.474000 0.220000
