-22.388000 2.039000 0.426000
-23.402000 0.941000 -0.378000
-22.896000 2.363000 -1.160000
-22.615000 1.613000 -0.495000
-21.411000 0.891000 -1.022000
-21.062000 0.197000 -0.271000
-20.293000 1.914000 -1.315000
-19.635000 2.380000 -0.272000
-18.534000 3.398000 -0.417000
-19.875000 2.066000 0.627000
-17.664000 3.416000 0.860000
-17.905000 3.111000 -1.249000
-16.648000 4.284000 0.910000
-15.697000 4.369000 2.092000
-16.491000 4.875000 0.143000
-14.788000 3.133000 2.046000
-15.082000 5.223000 1.965000
-15.334000 1.994000 2.379000
-14.582000 0.702000 2.299000
-16.272000 1.992000 2.633000
-14.571000 0.241000 0.825000
-13.565000 0.860000 2.631000
-15.640000 0.521000 0.067000
-15.678000 0.145000 -1.383000
-16.401000 1.006000 0.454000
-14.681000 1.054000 -2.117000
-15.377000 -0.889000 -1.497000
-13.560000 0.489000 -2.551000
-12.472000 1.275000 -3.230000
-13.416000 -0.468000 -2.387000
-11.845000 2.239000 -2.197000
-11.709000 0.582000 -3.560000
-10.839000 1.765000 -1.494000
-10.153000 2.595000 -0.435000
-10.535000 0.848000 -1.657000
-8.646000 2.800000 -0.756000
-10.626000 3.565000 -0.393000
-8.205000 2.543000 -1.982000
-6.751000 2.717000 -2.324000
-8.827000 2.231000 -2.673000
-6.452000 4.199000 -2.612000
-6.155000 2.400000 -1.480000
-5.920000 4.903000 -1.623000
-5.590000 6.367000 -1.796000
-5.741000 4.465000 -0.763000
-4.527000 6.826000 -0.769000
-5.177000 6.502000 -2.785000
-4.677000 6.485000 0.505000
-3.669000 6.907000 1.543000
-5.450000 5.950000 0.778000
-4.289000 6.859000 2.949000
-2.823000 6.232000 1.505000
-5.516000 7.353000 3.122000
-6.186000 7.298000 4.482000
-5.997000 7.737000 2.359000
-6.504000 5.842000 4.884000
-5.492000 7.671000 5.204000
-6.566000 4.947000 3.922000
-6.776000 3.495000 4.218000
-6.399000 5.224000 3.002000
-5.404000 2.885000 4.560000
-7.416000 3.398000 5.060000
-4.358000 3.457000 3.999000
-2.975000 2.998000 4.264000
-4.498000 4.212000 3.411000
-2.577000 3.370000 5.669000
-2.939000 1.929000 4.169000
-2.150000 2.381000 6.403000
-1.735000 2.613000 7.840000
-2.103000 1.474000 5.988000
-1.228000 1.313000 8.491000
-0.943000 3.349000 7.860000
-1.966000 0.220000 8.369000
-1.527000 -1.075000 8.995000
-2.814000 0.259000 7.876000
-1.756000 -2.259000 8.031000
-0.473000 -1.017000 9.227000
-2.962000 -2.419000 7.504000
-3.250000 -3.562000 6.572000
-3.675000 -1.792000 7.722000
-2.896000 -3.218000 5.128000
-2.642000 -4.380000 6.859000
-2.891000 -1.952000 4.776000
-2.502000 -1.549000 3.412000
-3.099000 -1.264000 5.422000
-1.038000 -1.067000 3.486000
-2.563000 -2.401000 2.761000
-0.204000 -1.855000 4.133000
1.244000 -1.515000 4.307000
-0.540000 -2.684000 4.524000
2.061000 -2.775000 4.086000
1.535000 -0.773000 3.612000
1.775000 -3.765000 4.872000
2.485000 -5.088000 4.816000
1.077000 -3.622000 5.527000
2.304000 -5.729000 3.429000
3.521000 -4.898000 4.935000
1.085000 -5.955000 3.033000
0.801000 -6.523000 1.664000
0.355000 -5.708000 3.619000
1.018000 -5.433000 0.597000
1.482000 -7.314000 1.476000
0.872000 -4.190000 0.996000
1.077000 -3.022000 0.092000
0.640000 -4.028000 1.924000
2.570000 -2.927000 -0.268000
0.482000 -3.136000 -0.804000
3.401000 -2.652000 0.729000
4.895000 -2.571000 0.565000
3.023000 -2.529000 1.622000
5.429000 -3.860000 -0.107000
5.124000 -1.728000 -0.066000
4.724000 -4.979000 0.056000
5.152000 -6.276000 -0.580000
3.895000 -4.949000 0.594000
5.138000 -6.110000 -2.114000
6.156000 -6.519000 -0.257000
4.003000 -5.726000 -2.688000
3.931000 -5.497000 -4.176000
3.210000 -5.555000 -2.132000
4.649000 -4.188000 -4.543000
4.435000 -6.290000 -4.663000
4.639000 -3.231000 -3.641000
5.338000 -1.919000 -3.869000
4.187000 -3.393000 -2.796000
6.867000 -2.109000 -3.919000
5.028000 -1.537000 -4.803000
7.368000 -3.204000 -3.374000
8.838000 -3.505000 -3.412000
6.761000 -3.846000 -2.968000
9.257000 -3.801000 -4.865000
9.385000 -2.645000 -3.053000
8.360000 -4.347000 -5.681000
8.687000 -4.622000 -7.125000
7.460000 -4.553000 -5.349000
8.722000 -3.305000 -7.925000
9.652000 -5.069000 -7.180000
8.020000 -2.291000 -7.459000
8.015000 -0.944000 -8.140000
7.515000 -2.414000 -6.640000
9.356000 -0.205000 -7.909000
7.894000 -1.093000 -9.184000
10.068000 -0.565000 -6.865000
11.408000 0.070000 -6.531000
9.719000 -1.265000 -6.292000
12.568000 -0.939000 -6.694000
11.578000 0.870000 -7.209000
12.255000 -2.224000 -6.589000
13.226000 -3.384000 -6.760000
11.330000 -2.437000 -6.411000
14.535000 -3.171000 -5.965000
12.743000 -4.252000 -6.329000
15.527000 -2.487000 -6.520000
16.809000 -2.244000 -5.775000
15.418000 -2.122000 -7.424000
16.528000 -1.250000 -4.624000
17.157000 -3.179000 -5.355000
16.304000 0.026000 -4.940000
16.006000 1.069000 -3.903000
16.331000 0.301000 -5.876000
17.133000 1.139000 -2.850000
15.949000 2.029000 -4.397000
18.257000 1.708000 -3.226000
19.403000 1.855000 -2.252000
18.335000 2.054000 -4.140000
19.282000 3.230000 -1.559000
19.307000 1.087000 -1.493000
18.273000 3.365000 -0.725000
18.009000 4.644000 0.008000
17.672000 2.612000 -0.587000
17.086000 4.346000 1.224000
18.941000 5.058000 0.364000
16.204000 5.261000 1.587000
15.274000 5.040000 2.755000
16.151000 6.095000 1.089000
13.803000 5.255000 2.325000
15.384000 4.019000 3.096000
