31.935000 -25.726000 49.165000
30.383000 -25.225000 49.411000
30.737000 -26.836000 49.396000
31.073000 -25.920000 49.655000
31.317000 -25.881000 51.107000
31.800000 -26.815000 51.407000
30.001000 -25.773000 51.886000
31.020000 -25.992000 53.640000
28.948000 -26.101000 54.055000
30.115000 -25.815000 53.220000
28.477000 -27.514000 53.727000
29.255000 -26.066000 55.103000
26.909000 -26.800000 52.638000
27.072000 -28.884000 52.284000
27.390000 -27.631000 52.955000
26.041000 -28.644000 51.189000
27.990000 -29.267000 51.828000
24.948000 -27.449000 52.416000
24.019000 -27.487000 50.512000
25.103000 -27.723000 51.454000
23.327000 -28.807000 50.188000
23.298000 -26.803000 50.958000
21.873000 -27.852000 49.157000
21.514000 -29.930000 49.060000
22.349000 -28.744000 49.265000
21.069000 -30.412000 50.445000
20.641000 -29.662000 48.473000
21.274000 -28.508000 51.166000
20.976000 -29.803000 52.805000
21.001000 -29.459000 51.387000
20.465000 -28.617000 53.612000
20.274000 -30.634000 52.934000
21.504000 -29.239000 55.250000
20.197000 -27.682000 55.853000
20.859000 -28.546000 54.888000
19.671000 -26.421000 55.180000
19.357000 -28.227000 56.291000
17.935000 -27.346000 54.696000
17.846000 -25.364000 53.978000
18.380000 -26.440000 54.808000
18.657000 -25.290000 52.685000
16.809000 -25.592000 53.733000
19.927000 -23.941000 53.532000
20.726000 -24.505000 51.661000
19.691000 -24.441000 52.681000
21.623000 -23.278000 51.781000
21.326000 -25.403000 51.829000
23.291000 -24.442000 51.728000
23.890000 -22.418000 51.965000
22.935000 -23.508000 51.877000
23.883000 -21.625000 50.664000
23.611000 -21.763000 52.791000
24.235000 -23.322000 49.596000
23.983000 -21.704000 48.233000
24.078000 -22.325000 49.543000
24.355000 -22.729000 47.161000
22.961000 -21.363000 48.073000
25.847000 -23.444000 48.343000
25.673000 -24.712000 46.654000
25.249000 -23.656000 47.555000
24.649000 -25.851000 46.656000
25.733000 -24.307000 45.640000
23.351000 -24.703000 47.736000
22.309000 -26.425000 47.071000
23.476000 -25.577000 47.242000
21.875000 -26.420000 45.609000
22.554000 -27.446000 47.363000
23.166000 -24.907000 45.190000
22.191000 -25.472000 43.391000
22.532000 -25.588000 44.797000
20.743000 -25.022000 43.248000
22.840000 -24.727000 42.926000
21.276000 -23.082000 43.543000
19.173000 -23.163000 43.258000
20.502000 -23.721000 43.431000
18.218000 -23.782000 44.271000
19.212000 -22.084000 43.417000
