-11.879000 -1.489000 -2.788000
-12.928000 -0.785000 -3.926000
-11.343000 -1.203000 -4.371000
-11.941000 -0.843000 -3.601000
-11.467000 0.517000 -3.195000
-11.428000 1.171000 -4.052000
-10.086000 0.425000 -2.532000
-9.848000 2.400000 -2.578000
-8.091000 1.532000 -1.674000
-9.442000 1.546000 -2.317000
-7.864000 0.546000 -1.300000
-8.035000 2.564000 -0.535000
-8.110000 0.082000 0.983000
-8.453000 3.027000 1.821000
-8.440000 2.133000 0.638000
-8.773000 4.017000 1.544000
-7.077000 3.074000 2.503000
-6.372000 4.345000 1.144000
-4.787000 3.948000 2.556000
-6.158000 3.837000 1.956000
-4.163000 4.572000 1.936000
-4.137000 2.563000 2.732000
-5.327000 1.728000 1.373000
-3.997000 0.209000 2.123000
-4.595000 1.573000 2.004000
-3.371000 0.158000 2.997000
-3.163000 -0.101000 0.872000
-4.330000 1.031000 -0.272000
-2.757000 0.197000 -1.508000
-3.539000 0.448000 -0.255000
-2.675000 -0.861000 -1.680000
-1.356000 0.812000 -1.388000
-2.024000 2.294000 -0.252000
0.104000 2.545000 -0.501000
-1.236000 1.906000 -0.679000
0.580000 2.680000 -1.456000
0.976000 1.667000 0.402000
-0.588000 1.166000 1.516000
1.146000 0.159000 2.305000
0.375000 1.051000 1.389000
2.012000 0.674000 2.690000
1.568000 -1.109000 1.555000
0.021000 -0.990000 0.300000
1.196000 -2.721000 -0.235000
0.820000 -1.504000 0.548000
1.191000 -3.595000 0.398000
2.581000 -2.514000 -0.858000
2.160000 -0.623000 -1.315000
4.178000 -1.031000 -1.956000
2.842000 -1.327000 -1.355000
4.452000 -1.793000 -2.669000
5.229000 -0.927000 -0.846000
3.932000 -0.072000 0.397000
5.817000 -0.259000 1.426000
4.854000 -0.384000 0.289000
6.727000 0.220000 1.100000
6.115000 -1.647000 2.002000
4.266000 -2.267000 1.613000
5.339000 -3.905000 2.512000
5.138000 -2.522000 1.984000
5.654000 -3.876000 3.543000
6.368000 -4.647000 1.654000
5.438000 -4.121000 -0.023000
7.170000 -5.301000 -0.554000
6.200000 -4.611000 0.355000
7.337000 -6.316000 -0.229000
8.493000 -4.525000 -0.597000
7.558000 -2.795000 -0.302000
9.664000 -2.388000 -0.461000
8.429000 -3.225000 -0.439000
10.454000 -2.891000 -0.996000
10.101000 -2.074000 0.982000
10.161000 -4.002000 1.456000
10.720000 -2.863000 3.203000
10.296000 -3.090000 1.785000
10.839000 -1.809000 3.396000
12.029000 -3.609000 3.498000
