15.212000 1.917000 -9.829000
16.502000 2.091000 -8.738000
16.550000 2.876000 -10.244000
15.933000 2.572000 -9.465000
15.248000 3.793000 -8.849000
14.396000 3.552000 -8.438000
14.402000 4.670000 -9.708000
14.637000 5.953000 -9.674000
13.825000 6.883000 -10.510000
15.348000 6.305000 -9.099000
14.245000 7.878000 -10.452000
12.385000 6.909000 -9.995000
11.572000 7.782000 -10.525000
10.156000 7.859000 -10.065000
11.893000 8.388000 -11.225000
10.133000 8.095000 -9.011000
9.466000 6.514000 -10.300000
10.011000 5.698000 -11.161000
9.385000 4.373000 -11.430000
10.833000 5.956000 -11.628000
8.347000 4.514000 -11.694000
9.476000 3.506000 -10.174000
10.667000 3.212000 -9.730000
10.817000 2.375000 -8.507000
11.461000 3.544000 -10.198000
10.290000 1.442000 -8.642000
10.231000 3.125000 -7.310000
10.055000 4.411000 -7.436000
9.488000 5.201000 -6.309000
10.295000 4.858000 -8.276000
9.926000 4.870000 -5.380000
7.971000 4.999000 -6.259000
7.349000 4.835000 -7.394000
5.873000 4.632000 -7.414000
7.852000 4.843000 -8.235000
5.417000 5.229000 -6.636000
5.562000 3.154000 -7.171000
6.530000 2.298000 -7.352000
6.294000 0.848000 -7.125000
7.416000 2.609000 -7.630000
5.282000 0.597000 -7.404000
6.505000 0.543000 -5.645000
7.510000 1.131000 -5.059000
7.779000 0.884000 -3.620000
8.087000 1.736000 -5.570000
7.693000 -0.172000 -3.420000
6.757000 1.641000 -2.774000
6.283000 2.761000 -3.250000
5.278000 3.530000 -2.465000
6.582000 3.092000 -4.123000
5.561000 3.534000 -1.423000
3.914000 2.861000 -2.617000
3.538000 2.529000 -3.822000
2.224000 1.866000 -4.032000
4.125000 2.710000 -4.586000
1.435000 2.499000 -3.654000
2.216000 0.535000 -3.277000
3.367000 -0.056000 -3.086000
3.423000 -1.350000 -2.354000
4.193000 0.353000 -3.423000
2.823000 -2.083000 -2.872000
2.879000 -1.157000 -0.937000
3.318000 -0.134000 -0.251000
2.814000 0.099000 1.134000
3.973000 0.480000 -0.646000
2.869000 -0.820000 1.697000
1.360000 0.568000 1.069000
1.037000 1.386000 0.104000
-0.362000 1.885000 -0.014000
1.715000 1.673000 -0.541000
-0.548000 2.616000 0.759000
-1.338000 0.718000 0.143000
-1.135000 -0.341000 -0.591000
-2.055000 -1.510000 -0.487000
-0.379000 -0.368000 -1.213000
-3.076000 -1.175000 -0.591000
-1.875000 -2.190000 0.873000
-0.655000 -2.432000 1.265000
-0.404000 -3.099000 2.575000
0.100000 -2.180000 0.693000
-0.580000 -4.160000 2.476000
-1.338000 -2.527000 3.645000
-1.365000 -1.231000 3.797000
-2.249000 -0.619000 4.831000
-0.801000 -0.660000 3.236000
-2.260000 -1.245000 5.710000
-3.673000 -0.484000 4.286000
-3.825000 -0.436000 2.992000
-5.189000 -0.304000 2.406000
-3.042000 -0.485000 2.404000
-5.599000 0.662000 2.660000
-6.092000 -1.405000 2.965000
-5.775000 -2.640000 2.685000
-6.613000 -3.758000 3.200000
-4.986000 -2.831000 2.137000
-7.626000 -3.642000 2.844000
-6.606000 -3.735000 4.730000
-5.536000 -3.277000 5.320000
-5.469000 -3.225000 6.806000
-4.777000 -2.965000 4.783000
-5.603000 -4.219000 7.208000
-6.577000 -2.310000 7.332000
-6.923000 -1.297000 6.584000
-7.994000 -0.367000 7.039000
-6.478000 -1.148000 5.723000
-7.895000 -0.193000 8.100000
-9.364000 -0.982000 6.748000
-9.651000 -1.251000 5.504000
-10.971000 -1.848000 5.154000
-8.998000 -1.058000 4.798000
-11.738000 -1.092000 5.230000
-11.292000 -2.997000 6.113000
-10.296000 -3.722000 6.543000
-10.547000 -4.858000 7.475000
-9.382000 -3.521000 6.250000
-11.385000 -5.437000 7.119000
-10.857000 -4.319000 8.874000
-10.063000 -3.404000 9.358000
-10.312000 -2.843000 10.714000
-9.301000 -3.087000 8.831000
-10.676000 -3.625000 11.365000
-11.356000 -1.726000 10.624000
-12.002000 -1.593000 9.498000
-13.030000 -0.525000 9.350000
-11.812000 -2.195000 8.749000
-13.288000 -0.136000 10.324000
-14.278000 -1.110000 8.687000
