6.011000 -9.905000 -10.663000
4.675000 -9.395000 -9.746000
5.914000 -8.298000 -10.131000
5.700000 -9.286000 -9.888000
6.418000 -9.657000 -8.635000
6.685000 -10.702000 -8.649000
5.549000 -9.342000 -7.415000
5.948000 -9.795000 -6.258000
5.144000 -9.520000 -5.032000
6.775000 -10.316000 -6.194000
4.158000 -9.948000 -5.124000
5.053000 -8.012000 -4.786000
6.167000 -7.331000 -4.792000
6.145000 -5.865000 -4.558000
7.016000 -7.783000 -4.949000
5.760000 -5.653000 -3.581000
5.305000 -5.176000 -5.632000
5.465000 -5.580000 -6.859000
4.687000 -4.960000 -7.957000
6.098000 -6.289000 -7.056000
4.975000 -3.938000 -8.077000
3.191000 -5.075000 -7.668000
2.781000 -6.171000 -7.096000
1.335000 -6.356000 -6.781000
3.427000 -6.874000 -6.872000
0.735000 -6.213000 -7.666000
0.906000 -5.384000 -5.680000
1.826000 -4.965000 -4.856000
1.472000 -4.021000 -3.766000
2.746000 -5.269000 -4.954000
0.811000 -4.494000 -3.066000
0.829000 -2.766000 -4.354000
1.311000 -2.325000 -5.479000
0.748000 -1.110000 -6.108000
2.049000 -2.787000 -5.904000
0.736000 -0.313000 -5.401000
-0.659000 -1.383000 -6.651000
-0.919000 -2.592000 -7.068000
-2.256000 -2.925000 -7.610000
-0.241000 -3.274000 -7.021000
-2.682000 -2.054000 -8.044000
-3.154000 -3.440000 -6.502000
-2.969000 -2.916000 -5.342000
-3.798000 -3.340000 -4.186000
-2.285000 -2.236000 -5.237000
-4.816000 -3.441000 -4.493000
-3.689000 -2.329000 -3.041000
-2.541000 -1.742000 -2.857000
-2.378000 -0.763000 -1.753000
-1.789000 -1.951000 -3.432000
-2.804000 -1.160000 -0.856000
-3.047000 0.563000 -2.100000
-4.163000 0.506000 -2.760000
-4.886000 1.751000 -3.102000
-4.534000 -0.353000 -3.007000
-4.212000 2.470000 -3.520000
-5.537000 2.281000 -1.831000
-6.057000 1.387000 -1.040000
-6.693000 1.779000 0.234000
-6.015000 0.448000 -1.281000
-7.231000 2.695000 0.115000
-5.615000 1.905000 1.313000
-5.944000 2.457000 2.447000
-4.925000 2.599000 3.529000
-6.860000 2.778000 2.590000
-5.211000 3.379000 4.216000
-3.548000 2.893000 2.928000
-3.453000 3.904000 2.109000
-2.146000 4.240000 1.483000
-4.241000 4.437000 1.899000
-1.793000 3.410000 0.902000
-1.121000 4.628000 2.552000
-0.808000 3.728000 3.444000
0.181000 4.046000 4.511000
-1.227000 2.843000 3.414000
0.239000 3.238000 5.222000
-0.202000 5.349000 5.213000
-0.944000 5.255000 6.279000
-1.356000 6.486000 7.013000
-1.232000 4.374000 6.597000
-2.122000 7.012000 6.466000
-0.144000 7.392000 7.246000
-0.352000 8.534000 7.842000
0.788000 9.459000 8.098000
-1.257000 8.782000 8.122000
1.445000 9.493000 7.244000
1.554000 9.018000 9.346000
1.996000 7.791000 9.377000
2.749000 7.297000 10.551000
1.837000 7.198000 8.627000
3.192000 8.118000 11.071000
3.819000 6.299000 10.104000
5.014000 6.764000 9.863000
6.097000 5.841000 9.421000
5.199000 7.721000 9.971000
5.761000 5.277000 8.563000
6.447000 4.881000 10.559000
5.486000 4.141000 11.041000
5.768000 3.187000 12.153000
4.580000 4.213000 10.673000
6.478000 3.616000 12.842000
6.303000 1.865000 11.593000
